0 0.0005 0 0 0.0035 0.000775 0 74.94933501688935 
1 0.001 0 0 0.0035 0.000775 0 74.94933501688935 
2 0.0015 0 0 0.0035 0.000775 0 74.94933501688935 
3 0.002 0 0 0.0035 0.000775 0 74.94933501688935 
4 0.0025 0 0 0.0035 0.000775 0 74.94933501688935 
5 0.003 0 0 0.0035 0.000775 0 74.94933501688935 
6 0.0035 0 0 0.0035 0.000775 0 74.94933501688935 
7 0.004 0 0 0.0035 0.000775 0 74.94933501688935 
8 0.0045 0 0 0.0035 0.000775 0 74.94933501688935 
9 0.005 0 0 0.0035 0.000775 0 74.94933501688935 
10 0.0055 0 0 0.0035 0.000775 0 75.06005162181027 
11 0.006 0 0 0.0035 0.000775 0 75.30276440616993 
12 0.0065 0 0 0.0035 0.000775 0 75.5367428817848 
13 0.007 0 0 0.0035 0.000775 0 75.69666665566128 
14 0.0075 0 0 0.0035 0.000775 0 75.86249301388429 
15 0.008 0 0 0.0035 0.000775 0 76.01651190298759 
16 0.008500000000000001 0 0 0.0035 0.000775 0 76.17643337643743 
17 0.008999999999999999 0 0 0.0035 0.000775 0 76.44807883267698 
18 0.0095 0 0 0.0035 0.000775 0 76.45422975428018 
19 0.01 0 0 0.0035 0.000775 0 76.46969081471757 
20 0.0105 0 0 0.0035 0.000775 0 76.81133929994837 
21 0.011 0 0 0.0035 0.000775 0 76.83981000293137 
22 0.0115 0 0 0.0035 0.000775 0 76.83981000293137 
23 0.012 0 0 0.0035 0.000775 0 76.83981000293137 
24 0.0125 0 0 0.0035 0.000775 0 76.83981000293137 
25 0.013 0 0 0.0035 0.000775 0 76.83981000293137 
26 0.0135 0 0 0.0035 0.000775 0 76.87530596537651 
27 0.014 0 0 0.0035 0.000775 0 77.28350959513307 
28 0.0145 0 0 0.0035 0.000775 0 77.28350959513307 
29 0.015 0 0 0.0035 0.000775 0 77.28350959513307 
30 0.0155 0 0 0.0035 0.000775 0 77.28350959513307 
31 0.016 0 0 0.0035 0.000775 0 77.28350959513307 
32 0.0165 0 0 0.0035 0.000775 0 77.28350959513307 
33 0.017 0 0 0.0035 0.000775 0 77.28350959513307 
34 0.0175 0 0 0.0035 0.000775 0 77.32048455579981 
35 0.018 0 0 0.0035 0.000775 0 77.32048455579981 
36 0.0185 0 0 0.0035 0.000775 0 77.32048455579981 
37 0.019 0 0 0.0035 0.000775 0 77.32048455579981 
38 0.0195 0 0 0.0035 0.000775 0 77.32048455579981 
39 0.02 0 0 0.0035 0.000775 0 77.32048455579981 
40 0.0205 0 0 0.0035 0.000775 0 77.36658329176055 
41 0.021 0 0 0.0035 0.000775 0 77.36658329176055 
42 0.0215 0 0 0.0035 0.000775 0 77.89671883535787 
43 0.022 0 0 0.0035 0.000775 0 77.89671883535787 
44 0.0225 0 0 0.0035 0.000775 0 77.89671883535787 
45 0.023 0 0 0.0035 0.000775 0 77.89671883535787 
46 0.0235 0 0 0.0035 0.000775 0 77.89671883535787 
47 0.024 0 0 0.0035 0.000775 0 77.89671883535787 
48 0.0245 0 0 0.0035 0.000775 0 77.89671883535787 
49 0.025 0 0 0.0035 0.000775 0 77.89671883535787 
50 0.0255 0 0 0.0035 0.000775 0 77.89671883535787 
51 0.026 0 0 0.0035 0.000775 0 77.89671883535787 
52 0.0265 0 0 0.0035 0.000775 0 77.89671883535787 
53 0.027 0 0 0.0035 0.000775 0 77.89671883535787 
54 0.0275 0 0 0.0035 0.000775 0 77.89671883535787 
55 0.028 0 0 0.0035 0.000775 0 77.89671883535787 
56 0.0285 0 0 0.0035 0.000775 0 77.89671883535787 
57 0.029 0 0 0.0035 0.000775 0 77.89671883535787 
58 0.0295 0 0 0.0035 0.000775 0 77.89671883535787 
59 0.03 0 0 0.0035 0.000775 0 77.89671883535787 
60 0.0305 0 0 0.0035 0.000775 0 77.89671883535787 
61 0.031 0 0 0.0035 0.000775 0 77.89671883535787 
62 0.0315 0 0 0.0035 0.000775 0 77.89671883535787 
63 0.032 0 0 0.0035 0.000775 0 77.89671883535787 
64 0.0325 0 0 0.0035 0.000775 0 77.89671883535787 
65 0.033 0 0 0.0035 0.000775 0 77.89671883535787 
66 0.0335 0 0 0.0035 0.000775 0 77.89671883535787 
67 0.034 0 0 0.0035 0.000775 0 77.89671883535787 
68 0.0345 0 0 0.0035 0.000775 0 77.89671883535787 
69 0.035 0 0 0.0035 0.000775 0 77.89671883535787 
70 0.0355 0 0 0.0035 0.000775 0 77.89671883535787 
71 0.036 0 0 0.0035 0.000775 0 77.89671883535787 
72 0.0365 0 0 0.0035 0.000775 0 77.85974387469115 
73 0.037 0 0 0.0035 0.000775 0 77.85974387469115 
74 0.0375 0 0 0.0035 0.000775 0 77.85974387469115 
75 0.038 0 0 0.0035 0.000775 0 77.85974387469115 
76 0.0385 0 0 0.0035 0.000775 0 77.85974387469115 
77 0.039 0 0 0.0035 0.000775 0 77.85974387469115 
78 0.0395 0 0 0.0035 0.000775 0 77.85974387469115 
79 0.04 0 0 0.0035 0.000775 0 77.85974387469115 
80 0.0405 0 0 0.0035 0.000775 0 77.85974387469115 
81 0.041 0 0 0.0035 0.000775 0 77.85974387469115 
82 0.0415 0 0 0.0035 0.000775 0 77.85974387469115 
83 0.042 0 0 0.0035 0.000775 0 77.85974387469115 
84 0.0425 0 0 0.0035 0.000775 0 77.83127317170815 
85 0.043 0 0 0.0035 0.000775 0 77.83127317170815 
86 0.0435 0 0 0.0035 0.000775 0 77.83127317170815 
87 0.044 0 0 0.0035 0.000775 0 77.83127317170815 
88 0.0445 0 0 0.0035 0.000775 0 77.83127317170815 
89 0.045 0 0 0.0035 0.000775 0 77.83127317170815 
90 0.0455 0 0 0.0035 0.000775 0 77.83127317170815 
91 0.046 0 0 0.0035 0.000775 0 77.81581211127076 
92 0.0465 0 0 0.0035 0.000775 0 77.80966118966757 
93 0.047 0 0 0.0035 0.000775 0 77.80966118966757 
94 0.0475 0 0 0.0035 0.000775 0 77.8035103726292 
95 0.048 0 0 0.0035 0.000775 0 77.79735955559084 
96 0.0485 0 0 0.0035 0.000775 0 77.79120863398765 
97 0.049 0 0 0.0035 0.000775 0 77.78505771238446 
98 0.0495 0 0 0.0035 0.000775 0 77.77275607830774 
99 0.05 0 0 0.0035 0.000775 0 77.76660515670454 
100 0.0505 0 0 0.0035 0.000775 0 77.75430341806299 
101 0.051 0 0 0.0035 0.000775 0 77.73585075781824 
102 0.0515 0 0 0.0035 0.000775 0 77.71432274133673 
103 0.052 0 0 0.0035 0.000775 0 77.71432274133673 
104 0.0525 0 0 0.0035 0.000775 0 77.71432274133673 
105 0.053 0 0 0.0035 0.000775 0 77.71681726126717 
106 0.0535 0 0 0.0035 0.000775 0 77.71681726126717 
107 0.054 0 0 0.0035 0.000775 0 77.71681726126717 
108 0.0545 0 0 0.0035 0.000775 0 77.71681726126717 
109 0.055 0 0 0.0035 0.000775 0 77.71681726126717 
110 0.0555 0 0 0.0035 0.000775 0 77.71681726126717 
111 0.056 0 0 0.0035 0.000775 0 77.71681726126717 
112 0.0565 0 0 0.0035 0.000775 0 77.71681726126717 
113 0.057 0 0 0.0035 0.000775 0 77.71681726126717 
114 0.0575 0 0 0.0035 0.000775 0 77.71681726126717 
115 0.058 0 0 0.0035 0.000775 0 77.71681726126717 
116 0.0585 0 0 0.0035 0.000775 0 77.71681726126717 
117 0.059 0 0 0.0035 0.000775 0 77.71681726126717 
118 0.0595 0 0 0.0035 0.000775 0 77.71681726126717 
119 0.06 0 0 0.0035 0.000775 0 77.71681726126717 
120 0.0605 0 0 0.0035 0.000775 0 77.71432274133673 
121 0.061 0 0 0.0035 0.000775 0 77.71432274133673 
122 0.0615 0 0 0.0035 0.000775 0 77.71432274133673 
123 0.062 0 0 0.0035 0.000775 0 77.71432274133673 
124 0.0625 0 0 0.0035 0.000775 0 77.71432274133673 
125 0.063 0 0 0.0035 0.000775 0 77.71432274133673 
126 0.0635 0 0 0.0035 0.000775 0 77.71432274133673 
127 0.064 0 0 0.0035 0.000775 0 77.71432274133673 
128 0.0645 0 0 0.0035 0.000775 0 77.71432274133673 
129 0.065 0 0 0.0035 0.000775 0 77.71432274133673 
130 0.0655 0 0 0.0035 0.000775 0 77.71432274133673 
131 0.066 0 0 0.0035 0.000775 0 77.71432274133673 
132 0.0665 0 0 0.0035 0.000775 0 77.71432274133673 
133 0.067 0 0 0.0035 0.000775 0 77.71432274133673 
134 0.0675 0 0 0.0035 0.000775 0 77.66822400537598 
135 0.068 0 0 0.0035 0.000775 0 77.66822400537598 
136 0.06850000000000001 0 0 0.0035 0.000775 0 77.66822400537598 
137 0.06900000000000001 0 0 0.0035 0.000775 0 77.66822400537598 
138 0.06950000000000001 0 0 0.0035 0.000775 0 77.66822400537598 
139 0.07000000000000001 0 0 0.0035 0.000775 0 77.66822400537598 
140 0.07049999999999999 0 0 0.0035 0.000775 0 77.66822400537598 
141 0.07099999999999999 0 0 0.0035 0.000775 0 77.66822400537598 
142 0.07149999999999999 0 0 0.0035 0.000775 0 77.66822400537598 
143 0.07199999999999999 0 0 0.0035 0.000775 0 77.66822400537598 
144 0.0725 0 0 0.0035 0.000775 0 77.66822400537598 
145 0.073 0 0 0.0035 0.000775 0 77.66822400537598 
146 0.0735 0 0 0.0035 0.000775 0 77.66822400537598 
147 0.074 0 0 0.0035 0.000775 0 77.66822400537598 
148 0.0745 0 0 0.0035 0.000775 0 77.66822400537598 
149 0.075 0 0 0.0035 0.000775 0 77.66822400537598 
150 0.0755 0 0 0.0035 0.000775 0 77.66822400537598 
151 0.076 0 0 0.0035 0.000775 0 77.66822400537598 
152 0.0765 0 0 0.0035 0.000775 0 77.66822400537598 
153 0.077 0 0 0.0035 0.000775 0 77.66822400537598 
154 0.0775 0 0 0.0035 0.000775 0 77.66822400537598 
155 0.078 0 0 0.0035 0.000775 0 77.66822400537598 
156 0.0785 0 0 0.0035 0.000775 0 77.63272804293084 
157 0.079 0 0 0.0035 0.000775 0 77.63272804293084 
158 0.0795 0 0 0.0035 0.000775 0 77.63272804293084 
159 0.08 0 0 0.0035 0.000775 0 77.63272804293084 
160 0.0805 0 0 0.0035 0.000775 0 77.63272804293084 
161 0.081 0 0 0.0035 0.000775 0 77.63272804293084 
162 0.0815 0 0 0.0035 0.000775 0 77.63272804293084 
163 0.082 0 0 0.0035 0.000775 0 77.63272804293084 
164 0.0825 0 0 0.0035 0.000775 0 77.63272804293084 
165 0.083 0 0 0.0035 0.000775 0 77.63272804293084 
166 0.0835 0 0 0.0035 0.000775 0 77.63272804293084 
167 0.08400000000000001 0 0 0.0035 0.000775 0 77.60539616790922 
168 0.08450000000000001 0 0 0.0035 0.000775 0 77.60539616790922 
169 0.08500000000000001 0 0 0.0035 0.000775 0 77.60539616790922 
170 0.08550000000000001 0 0 0.0035 0.000775 0 77.60539616790922 
171 0.08599999999999999 0 0 0.0035 0.000775 0 77.60539616790922 
172 0.08649999999999999 0 0 0.0035 0.000775 0 77.60539616790922 
173 0.08699999999999999 0 0 0.0035 0.000775 0 77.60539616790922 
174 0.08749999999999999 0 0 0.0035 0.000775 0 77.59055354980357 
175 0.08799999999999999 0 0 0.0035 0.000775 0 77.58464866503039 
176 0.0885 0 0 0.0035 0.000775 0 77.57874388063944 
177 0.089 0 0 0.0035 0.000775 0 77.57283909624849 
178 0.0895 0 0 0.0035 0.000775 0 77.5669342114753 
179 0.09 0 0 0.0035 0.000775 0 77.56102932670211 
180 0.0905 0 0 0.0035 0.000775 0 77.55512454231116 
181 0.091 0 0 0.0035 0.000775 0 77.54921975792021 
182 0.0915 0 0 0.0035 0.000775 0 77.53740998837384 
183 0.092 0 0 0.0035 0.000775 0 77.52560041959195 
184 0.0925 0 0 0.0035 0.000775 0 77.51379065004558 
185 0.093 0 0 0.0035 0.000775 0 77.44894577855774 
186 0.0935 0 0 0.0035 0.000775 0 77.44894577855774 
187 0.094 0 0 0.0035 0.000775 0 77.44894577855774 
188 0.0945 0 0 0.0035 0.000775 0 77.44894577855774 
189 0.095 0 0 0.0035 0.000775 0 77.44894577855774 
190 0.0955 0 0 0.0035 0.000775 0 77.44894577855774 
191 0.096 0 0 0.0035 0.000775 0 77.44894577855774 
192 0.0965 0 0 0.0035 0.000775 0 77.44894577855774 
193 0.097 0 0 0.0035 0.000775 0 77.44894577855774 
194 0.0975 0 0 0.0035 0.000775 0 77.44894577855774 
195 0.098 0 0 0.0035 0.000775 0 77.44894577855774 
196 0.0985 0 0 0.0035 0.000775 0 77.44894577855774 
197 0.099 0 0 0.0035 0.000775 0 77.44894577855774 
198 0.09950000000000001 0 0 0.0035 0.000775 0 77.44894577855774 
199 0.1 0 0 0.0035 0.000775 0 77.44894577855774 
200 0.1005 0 0 0.0035 0.000775 0 77.44894577855774 
201 0.101 0 0 0.0035 0.000775 0 77.44894577855774 
202 0.1015 0 0 0.0035 0.000775 0 77.44894577855774 
203 0.102 0 0 0.0035 0.000775 0 77.44894577855774 
204 0.1025 0 0 0.0035 0.000775 0 77.44894577855774 
205 0.103 0 0 0.0035 0.000775 0 77.44894577855774 
206 0.1035 0 0 0.0035 0.000775 0 77.44894577855774 
207 0.104 0 0 0.0035 0.000775 0 77.40668858751854 
208 0.1045 0 0 0.0035 0.000775 0 77.40668858751854 
209 0.105 0 0 0.0035 0.000775 0 77.33617677555765 
210 0.1055 0 0 0.0035 0.000775 0 76.94817903993297 
211 0.106 0 0 0.0035 0.000775 0 76.93473357364441 
212 0.1065 0 0 0.0035 0.000775 0 76.93089201187765 
213 0.107 0 0 0.0035 0.000775 0 76.93089201187765 
214 0.1075 0 0 0.0035 0.000775 0 76.92897123090383 
215 0.108 0 0 0.0035 0.000775 0 76.92897123090383 
216 0.1085 0 0 0.0035 0.000775 0 76.92897123090383 
217 0.109 0 0 0.0035 0.000775 0 76.92897123090383 
218 0.1095 0 0 0.0035 0.000775 0 76.92897123090383 
219 0.11 0 0 0.0035 0.000775 0 76.92897123090383 
220 0.1105 0 0 0.0035 0.000775 0 76.92897123090383 
221 0.111 0 0 0.0035 0.000775 0 76.90277817200167 
222 0.1115 0 0 0.0035 0.000775 0 76.90277817200167 
223 0.112 0 0 0.0035 0.000775 0 76.90277817200167 
224 0.1125 0 0 0.0035 0.000775 0 76.90277817200167 
225 0.113 0 0 0.0035 0.000775 0 76.90277817200167 
226 0.1135 0 0 0.0035 0.000775 0 76.90277817200167 
227 0.114 0 0 0.0035 0.000775 0 76.90277817200167 
228 0.1145 0 0 0.0035 0.000775 0 76.88855398882674 
229 0.115 0 0 0.0035 0.000775 0 76.88855398882674 
230 0.1155 0 0 0.0035 0.000775 0 76.88289513843141 
231 0.116 0 0 0.0035 0.000775 0 76.87723638423573 
232 0.1165 0 0 0.0035 0.000775 0 76.87723638423573 
233 0.117 0 0 0.0035 0.000775 0 76.87157763004011 
234 0.1175 0 0 0.0035 0.000775 0 76.83338080143554 
235 0.118 0 0 0.0035 0.000775 0 76.8277219510402 
236 0.1185 0 0 0.0035 0.000775 0 76.82206319684452 
237 0.119 0 0 0.0035 0.000775 0 76.81074559225357 
238 0.1195 0 0 0.0035 0.000775 0 76.80508674185823 
239 0.12 0 0 0.0035 0.000775 0 76.79376923346693 
240 0.1205 0 0 0.0035 0.000775 0 76.77679277848058 
241 0.121 0 0 0.0035 0.000775 0 76.43578706252252 
242 0.1215 0 0 0.0035 0.000775 0 76.42543407221837 
243 0.122 0 0 0.0035 0.000775 0 76.42247607501167 
244 0.1225 0 0 0.0035 0.000775 0 76.42099707633869 
245 0.123 0 0 0.0035 0.000775 0 76.42099707633869 
246 0.1235 0 0 0.0035 0.000775 0 76.42099707633869 
247 0.124 0 0 0.0035 0.000775 0 76.42099707633869 
248 0.1245 0 0 0.0035 0.000775 0 76.42099707633869 
249 0.125 0 0 0.0035 0.000775 0 76.3959428478403 
250 0.1255 0 0 0.0035 0.000775 0 76.3959428478403 
251 0.126 0 0 0.0035 0.000775 0 76.3959428478403 
252 0.1265 0 0 0.0035 0.000775 0 76.3959428478403 
253 0.127 0 0 0.0035 0.000775 0 76.3959428478403 
254 0.1275 0 0 0.0035 0.000775 0 76.3959428478403 
255 0.128 0 0 0.0035 0.000775 0 76.3959428478403 
256 0.1285 0 0 0.0035 0.000775 0 76.3959428478403 
257 0.129 0 0 0.0035 0.000775 0 76.26162131421465 
258 0.1295 0 0 0.0035 0.000775 0 76.12610075706101 
259 0.13 0 0 0.0035 0.000775 0 76.11499380247656 
260 0.1305 0 0 0.0035 0.000775 0 76.10844225293921 
261 0.131 0 0 0.0035 0.000775 0 76.10844225293921 
262 0.1315 0 0 0.0035 0.000775 0 76.1030295317108 
263 0.132 0 0 0.0035 0.000775 0 76.09761671846533 
264 0.1325 0 0 0.0035 0.000775 0 76.09220390521986 
265 0.133 0 0 0.0035 0.000775 0 76.08679118399149 
266 0.1335 0 0 0.0035 0.000775 0 76.06839117218864 
267 0.134 0 0 0.0035 0.000775 0 75.93928986112199 
268 0.1345 0 0 0.0035 0.000775 0 75.92438117633746 
269 0.135 0 0 0.0035 0.000775 0 75.86249302792685 
270 0.1355 0 0 0.0035 0.000775 0 75.84477845693192 
271 0.136 0 0 0.0035 0.000775 0 75.76973832528815 
272 0.1365 0 0 0.0035 0.000775 0 75.74144456348938 
273 0.137 0 0 0.0035 0.000775 0 75.71290468214694 
274 0.1375 0 0 0.0035 0.000775 0 75.65730036605463 
275 0.138 0 0 0.0035 0.000775 0 75.61695040878098 
276 0.1385 0 0 0.0035 0.000775 0 75.59923575210522 
277 0.139 0 0 0.0035 0.000775 0 75.54264820860755 
278 0.1395 0 0 0.0035 0.000775 0 75.48163191805938 
279 0.14 0 0 0.0035 0.000775 0 75.42528959165669 
280 0.1405 0 0 0.0035 0.000775 0 75.36230424890721 
281 0.141 0 0 0.0035 0.000775 0 75.25503386753719 
282 0.1415 0 0 0.0035 0.000775 0 75.16092497056532 
283 0.142 0 0 0.0035 0.000775 0 75.00678446748552 
284 0.1425 0 0 0.0035 0.000775 0 74.95327158216503 
285 0.143 0 0 0.0035 0.000775 0 74.9497040722481 
286 0.1435 0 0 0.0035 0.000775 0 74.94933501688935 
287 0.144 0 0 0.0035 0.000775 0 74.94933501688935 
288 0.1445 0 0 0.0035 0.000775 0 74.94933501688935 
289 0.145 0 0 0.0035 0.000775 0 74.94933501688935 
290 0.1455 0 0 0.0035 0.000775 0 74.94933501688935 
291 0.146 0 0 0.0035 0.000775 0 74.94933501688935 
292 0.1465 0 0 0.0035 0.000775 0 74.94933501688935 
293 0.147 0 0 0.0035 0.000775 0 74.94933501688935 
294 0.1475 0 0 0.0035 0.000775 0 74.94933501688935 
295 0.148 0 0 0.0035 0.000775 0 74.94933501688935 
296 0.1485 0 0 0.0035 0.000775 0 74.94933501688935 
297 0.149 0 0 0.0035 0.000775 0 74.94933501688935 
298 0.1495 0 0 0.0035 0.000775 0 74.94933501688935 
299 0.15 0 0 0.0035 0.000775 0 74.94933501688935 
300 0.1505 0 0 0.0035 0.000775 0 74.94933501688935 
301 0.151 0 0 0.0035 0.000775 0 74.94933501688935 
302 0.1515 0 0 0.0035 0.000775 0 74.94933501688935 
303 0.152 0 0 0.0035 0.000775 0 74.94933501688935 
304 0.1525 0 0 0.0035 0.000775 0 74.94933501688935 
305 0.153 0 0 0.0035 0.000775 0 74.94933501688935 
306 0.1535 0 0 0.0035 0.000775 0 74.94933501688935 
307 0.154 0 0 0.0035 0.000775 0 74.94933501688935 
308 0.1545 0 0 0.0035 0.000775 0 74.94933501688935 
309 0.155 0 0 0.0035 0.000775 0 74.94933501688935 
310 0.1555 0 0 0.0035 0.000775 0 74.94933501688935 
311 0.156 0 0 0.0035 0.000775 0 74.94933501688935 
312 0.1565 0 0 0.0035 0.000775 0 74.94933501688935 
313 0.157 0 0 0.0035 0.000775 0 74.94933501688935 
314 0.1575 0 0 0.0035 0.000775 0 74.94933501688935 
315 0.158 0 0 0.0035 0.000775 0 74.94933501688935 
316 0.1585 0 0 0.0035 0.000775 0 74.94933501688935 
317 0.159 0 0 0.0035 0.000775 0 74.94933501688935 
318 0.1595 0 0 0.0035 0.000775 0 74.94933501688935 
319 0.16 0 0 0.0035 0.000775 0 74.94933501688935 
320 0.1605 0 0 0.0035 0.000775 0 74.94933501688935 
321 0.161 0 0 0.0035 0.000775 0 74.94933501688935 
322 0.1615 0 0 0.0035 0.000775 0 74.94933501688935 
323 0.162 0 0 0.0035 0.000775 0 74.94933501688935 
324 0.1625 0 0 0.0035 0.000775 0 74.94933501688935 
325 0.163 0 0 0.0035 0.000775 0 74.94933501688935 
326 0.1635 0 0 0.0035 0.000775 0 74.94933501688935 
327 0.164 0 0 0.0035 0.000775 0 74.94933501688935 
328 0.1645 0 0 0.0035 0.000775 0 74.94933501688935 
329 0.165 0 0 0.0035 0.000775 0 74.94933501688935 
330 0.1655 0 0 0.0035 0.000775 0 74.94933501688935 
331 0.166 0 0 0.0035 0.000775 0 74.94933501688935 
332 0.1665 0 0 0.0035 0.000775 0 74.94933501688935 
333 0.167 0 0 0.0035 0.000775 0 74.94933501688935 
334 0.1675 0 0 0.0035 0.000775 0 74.94933501688935 
335 0.168 0 0 0.0035 0.000775 0 74.94933501688935 
336 0.1685 0 0 0.0035 0.000775 0 74.94933501688935 
337 0.169 0 0 0.0035 0.000775 0 74.94933501688935 
338 0.1695 0 0 0.0035 0.000775 0 74.94933501688935 
339 0.17 0 0 0.0035 0.000775 0 74.94933501688935 
340 0.1705 0 0 0.0035 0.000775 0 74.94933501688935 
341 0.171 0 0 0.0035 0.000775 0 74.94933501688935 
342 0.1715 0 0 0.0035 0.000775 0 74.94933501688935 
343 0.172 0 0 0.0035 0.000775 0 74.94933501688935 
344 0.1725 0 0 0.0035 0.000775 0 74.94933501688935 
345 0.173 0 0 0.0035 0.000775 0 74.94933501688935 
346 0.1735 0 0 0.0035 0.000775 0 74.94933501688935 
347 0.174 0 0 0.0035 0.000775 0 74.94933501688935 
348 0.1745 0 0 0.0035 0.000775 0 74.94933501688935 
349 0.175 0 0 0.0035 0.000775 0 74.94933501688935 
350 0.1755 0 0 0.0035 0.000775 0 74.94933501688935 
351 0.176 0 0 0.0035 0.000775 0 74.94933501688935 
352 0.1765 0 0 0.0035 0.000775 0 74.94933501688935 
353 0.177 0 0 0.0035 0.000775 0 74.94933501688935 
354 0.1775 0 0 0.0035 0.000775 0 74.94933501688935 
355 0.178 0 0 0.0035 0.000775 0 74.94933501688935 
356 0.1785 0 0 0.0035 0.000775 0 74.94933501688935 
357 0.179 0 0 0.0035 0.000775 0 74.94933501688935 
358 0.1795 0 0 0.0035 0.000775 0 74.94933501688935 
359 0.18 0 0 0.0035 0.000775 0 74.94933501688935 
360 0.1805 0 0 0.0035 0.000775 0 74.94933501688935 
361 0.181 0 0 0.0035 0.000775 0 74.94933501688935 
362 0.1815 0 0 0.0035 0.000775 0 74.94933501688935 
363 0.182 0 0 0.0035 0.000775 0 74.94933501688935 
364 0.1825 0 0 0.0035 0.000775 0 74.94933501688935 
365 0.183 0 0 0.0035 0.000775 0 74.94933501688935 
366 0.1835 0 0 0.0035 0.000775 0 74.94933501688935 
367 0.184 0 0 0.0035 0.000775 0 74.94933501688935 
368 0.1845 0 0 0.0035 0.000775 0 74.94933501688935 
369 0.185 0 0 0.0035 0.000775 0 74.94933501688935 
370 0.1855 0 0 0.0035 0.000775 0 74.94933501688935 
371 0.186 0 0 0.0035 0.000775 0 74.94933501688935 
372 0.1865 0 0 0.0035 0.000775 0 74.94933501688935 
373 0.187 0 0 0.0035 0.000775 0 74.94933501688935 
374 0.1875 0 0 0.0035 0.000775 0 74.94933501688935 
375 0.188 0 0 0.0035 0.000775 0 74.94933501688935 
376 0.1885 0 0 0.0035 0.000775 0 74.94933501688935 
377 0.189 0 0 0.0035 0.000775 0 74.94933501688935 
378 0.1895 0 0 0.0035 0.000775 0 74.94933501688935 
379 0.19 0 0 0.0035 0.000775 0 74.94933501688935 
380 0.1905 0 0 0.0035 0.000775 0 74.94933501688935 
381 0.191 0 0 0.0035 0.000775 0 74.94933501688935 
382 0.1915 0 0 0.0035 0.000775 0 74.94933501688935 
383 0.192 0 0 0.0035 0.000775 0 74.94933501688935 
384 0.1925 0 0 0.0035 0.000775 0 74.94933501688935 
385 0.193 0 0 0.0035 0.000775 0 74.94933501688935 
386 0.1935 0 0 0.0035 0.000775 0 74.94933501688935 
387 0.194 0 0 0.0035 0.000775 0 74.94933501688935 
388 0.1945 0 0 0.0035 0.000775 0 74.94933501688935 
389 0.195 0 0 0.0035 0.000775 0 74.94933501688935 
390 0.1955 0 0 0.0035 0.000775 0 74.94933501688935 
391 0.196 0 0 0.0035 0.000775 0 74.94933501688935 
392 0.1965 0 0 0.0035 0.000775 0 74.94933501688935 
393 0.197 0 0 0.0035 0.000775 0 74.94933501688935 
394 0.1975 0 0 0.0035 0.000775 0 74.94933501688935 
395 0.198 0 0 0.0035 0.000775 0 74.94933501688935 
396 0.1985 0 0 0.0035 0.000775 0 74.94933501688935 
397 0.199 0 0 0.0035 0.000775 0 74.94933501688935 
398 0.1995 0 0 0.0035 0.000775 0 74.94933501688935 
399 0.2 0 0 0.0035 0.000775 0 74.94933501688935 
400 0.2005 0 0 0.0035 0.000775 0 74.94933501688935 
401 0.201 0 0 0.0035 0.000775 0 74.94933501688935 
402 0.2015 0 0 0.0035 0.000775 0 74.94933501688935 
403 0.202 0 0 0.0035 0.000775 0 74.94933501688935 
404 0.2025 0 0 0.0035 0.000775 0 74.94933501688935 
405 0.203 0 0 0.0035 0.000775 0 74.94933501688935 
406 0.2035 0 0 0.0035 0.000775 0 74.94933501688935 
407 0.204 0 0 0.0035 0.000775 0 74.94933501688935 
408 0.2045 0 0 0.0035 0.000775 0 74.94933501688935 
409 0.205 0 0 0.0035 0.000775 0 74.94933501688935 
410 0.2055 0 0 0.0035 0.000775 0 74.94933501688935 
411 0.206 0 0 0.0035 0.000775 0 74.94933501688935 
412 0.2065 0 0 0.0035 0.000775 0 74.94933501688935 
413 0.207 0 0 0.0035 0.000775 0 74.94933501688935 
414 0.2075 0 0 0.0035 0.000775 0 74.94933501688935 
415 0.208 0 0 0.0035 0.000775 0 74.94933501688935 
416 0.2085 0 0 0.0035 0.000775 0 74.94933501688935 
417 0.209 0 0 0.0035 0.000775 0 74.94933501688935 
418 0.2095 0 0 0.0035 0.000775 0 74.94933501688935 
419 0.21 0 0 0.0035 0.000775 0 74.94933501688935 
420 0.2105 0 0 0.0035 0.000775 0 74.94933501688935 
421 0.211 0 0 0.0035 0.000775 0 74.94933501688935 
422 0.2115 0 0 0.0035 0.000775 0 74.94933501688935 
423 0.212 0 0 0.0035 0.000775 0 74.94933501688935 
424 0.2125 0 0 0.0035 0.000775 0 74.94933501688935 
425 0.213 0 0 0.0035 0.000775 0 74.94933501688935 
426 0.2135 0 0 0.0035 0.000775 0 74.94933501688935 
427 0.214 0 0 0.0035 0.000775 0 74.94933501688935 
428 0.2145 0 0 0.0035 0.000775 0 74.94933501688935 
429 0.215 0 0 0.0035 0.000775 0 74.94933501688935 
430 0.2155 0 0 0.0035 0.000775 0 74.94933501688935 
431 0.216 0 0 0.0035 0.000775 0 74.94933501688935 
432 0.2165 0 0 0.0035 0.000775 0 74.94933501688935 
433 0.217 0 0 0.0035 0.000775 0 74.94933501688935 
434 0.2175 0 0 0.0035 0.000775 0 74.94933501688935 
435 0.218 0 0 0.0035 0.000775 0 74.94933501688935 
436 0.2185 0 0 0.0035 0.000775 0 74.94933501688935 
437 0.219 0 0 0.0035 0.000775 0 74.94933501688935 
438 0.2195 0 0 0.0035 0.000775 0 74.94933501688935 
439 0.22 0 0 0.0035 0.000775 0 74.94933501688935 
440 0.2205 0 0 0.0035 0.000775 0 74.94933501688935 
441 0.221 0 0 0.0035 0.000775 0 74.94933501688935 
442 0.2215 0 0 0.0035 0.000775 0 74.94933501688935 
443 0.222 0 0 0.0035 0.000775 0 74.94933501688935 
444 0.2225 0 0 0.0035 0.000775 0 74.94933501688935 
445 0.223 0 0 0.0035 0.000775 0 74.94933501688935 
446 0.2235 0 0 0.0035 0.000775 0 74.94933501688935 
447 0.224 0 0 0.0035 0.000775 0 74.94933501688935 
448 0.2245 0 0 0.0035 0.000775 0 74.94933501688935 
449 0.225 0 0 0.0035 0.000775 0 74.94933501688935 
450 0.2255 0 0 0.0035 0.000775 0 74.94933501688935 
451 0.226 0 0 0.0035 0.000775 0 74.94933501688935 
452 0.2265 0 0 0.0035 0.000775 0 74.94933501688935 
453 0.227 0 0 0.0035 0.000775 0 74.94933501688935 
454 0.2275 0 0 0.0035 0.000775 0 74.94933501688935 
455 0.228 0 0 0.0035 0.000775 0 74.94933501688935 
456 0.2285 0 0 0.0035 0.000775 0 74.94933501688935 
457 0.229 0 0 0.0035 0.000775 0 74.94933501688935 
458 0.2295 0 0 0.0035 0.000775 0 74.94933501688935 
459 0.23 0 0 0.0035 0.000775 0 74.94933501688935 
460 0.2305 0 0 0.0035 0.000775 0 74.94933501688935 
461 0.231 0 0 0.0035 0.000775 0 74.94933501688935 
462 0.2315 0 0 0.0035 0.000775 0 74.94933501688935 
463 0.232 0 0 0.0035 0.000775 0 74.94933501688935 
464 0.2325 0 0 0.0035 0.000775 0 74.94933501688935 
465 0.233 0 0 0.0035 0.000775 0 74.94933501688935 
466 0.2335 0 0 0.0035 0.000775 0 74.94933501688935 
467 0.234 0 0 0.0035 0.000775 0 74.94933501688935 
468 0.2345 0 0 0.0035 0.000775 0 74.94933501688935 
469 0.235 0 0 0.0035 0.000775 0 74.94933501688935 
470 0.2355 0 0 0.0035 0.000775 0 74.94933501688935 
471 0.236 0 0 0.0035 0.000775 0 74.94933501688935 
472 0.2365 0 0 0.0035 0.000775 0 74.94933501688935 
473 0.237 0 0 0.0035 0.000775 0 74.94933501688935 
474 0.2375 0 0 0.0035 0.000775 0 74.94933501688935 
475 0.238 0 0 0.0035 0.000775 0 74.94933501688935 
476 0.2385 0 0 0.0035 0.000775 0 74.94933501688935 
477 0.239 0 0 0.0035 0.000775 0 74.94933501688935 
478 0.2395 0 0 0.0035 0.000775 0 74.94933501688935 
479 0.24 0 0 0.0035 0.000775 0 74.94933501688935 
480 0.2405 0 0 0.0035 0.000775 0 74.94933501688935 
481 0.241 0 0 0.0035 0.000775 0 74.94933501688935 
482 0.2415 0 0 0.0035 0.000775 0 74.94933501688935 
483 0.242 0 0 0.0035 0.000775 0 74.94933501688935 
484 0.2425 0 0 0.0035 0.000775 0 74.94933501688935 
485 0.243 0 0 0.0035 0.000775 0 74.94933501688935 
486 0.2435 0 0 0.0035 0.000775 0 74.94933501688935 
487 0.244 0 0 0.0035 0.000775 0 74.94933501688935 
488 0.2445 0 0 0.0035 0.000775 0 74.94933501688935 
489 0.245 0 0 0.0035 0.000775 0 74.94933501688935 
490 0.2455 0 0 0.0035 0.000775 0 74.94933501688935 
491 0.246 0 0 0.0035 0.000775 0 74.94933501688935 
492 0.2465 0 0 0.0035 0.000775 0 74.94933501688935 
493 0.247 0 0 0.0035 0.000775 0 74.94933501688935 
494 0.2475 0 0 0.0035 0.000775 0 74.94933501688935 
495 0.248 0 0 0.0035 0.000775 0 74.94933501688935 
496 0.2485 0 0 0.0035 0.000775 0 74.94933501688935 
497 0.249 0 0 0.0035 0.000775 0 74.94933501688935 
498 0.2495 0 0 0.0035 0.000775 0 74.94933501688935 
499 0.25 0 0 0.0035 0.000775 0 74.94933501688935 
