0 0.0005 0 0 0.0035 0.000775 0 0 
1 0.001 0 0 0.0035 0.000775 0 0 
2 0.0015 0 0 0.0035 0.000775 0 0 
3 0.002 0 0 0.0035 0.000775 0 0 
4 0.0025 0 0 0.0035 0.000775 0 0 
5 0.003 0 0 0.0035 0.000775 0 0 
6 0.0035 0 0 0.0035 0.000775 0 0 
7 0.004 0 0 0.0035 0.000775 0 0 
8 0.0045 0 0 0.0035 0.000775 0 0 
9 0.005 0 0 0.0035 0.000775 0 0 
10 0.0055 0 0 0.0035 0.000775 0 0.2583362351641987 
11 0.006 0 0 0.0035 0.000775 0 0.4333911758362989 
12 0.0065 0 0 0.0035 0.000775 0 0.5933127496682781 
13 0.007 0 0 0.0035 0.000775 0 0.7532364231624227 
14 0.0075 0 0 0.0035 0.000775 0 0.9193088140327601 
15 0.008 0 0 0.0035 0.000775 0 1.079232592091733 
16 0.008500000000000001 0 0 0.0035 0.000775 0 1.227098359547356 
17 0.008999999999999999 0 0 0.0035 0.000775 0 1.498743815786867 
18 0.0095 0 0 0.0035 0.000775 0 1.504894737390053 
19 0.01 0 0 0.0035 0.000775 0 1.520355797827438 
20 0.0105 0 0 0.0035 0.000775 0 1.862004283058246 
21 0.011 0 0 0.0035 0.000775 0 1.862004283058246 
22 0.0115 0 0 0.0035 0.000775 0 1.890474986041253 
23 0.012 0 0 0.0035 0.000775 0 1.890474986041253 
24 0.0125 0 0 0.0035 0.000775 0 1.890474986041253 
25 0.013 0 0 0.0035 0.000775 0 1.890474986041253 
26 0.0135 0 0 0.0035 0.000775 0 1.890474986041253 
27 0.014 0 0 0.0035 0.000775 0 2.334174578242953 
28 0.0145 0 0 0.0035 0.000775 0 2.334174578242953 
29 0.015 0 0 0.0035 0.000775 0 2.334174578242953 
30 0.0155 0 0 0.0035 0.000775 0 2.334174578242953 
31 0.016 0 0 0.0035 0.000775 0 2.334174578242953 
32 0.0165 0 0 0.0035 0.000775 0 2.334174578242953 
33 0.017 0 0 0.0035 0.000775 0 2.334174578242953 
34 0.0175 0 0 0.0035 0.000775 0 2.334174578242953 
35 0.018 0 0 0.0035 0.000775 0 2.334174578242953 
36 0.0185 0 0 0.0035 0.000775 0 2.334174578242953 
37 0.019 0 0 0.0035 0.000775 0 2.371149538909678 
38 0.0195 0 0 0.0035 0.000775 0 2.371149538909678 
39 0.02 0 0 0.0035 0.000775 0 2.371149538909678 
40 0.0205 0 0 0.0035 0.000775 0 2.371149538909678 
41 0.021 0 0 0.0035 0.000775 0 2.371149538909678 
42 0.0215 0 0 0.0035 0.000775 0 2.371149538909678 
43 0.022 0 0 0.0035 0.000775 0 2.419169055844255 
44 0.0225 0 0 0.0035 0.000775 0 2.947383818467746 
45 0.023 0 0 0.0035 0.000775 0 2.947383818467746 
46 0.0235 0 0 0.0035 0.000775 0 2.947383818467746 
47 0.024 0 0 0.0035 0.000775 0 2.947383818467746 
48 0.0245 0 0 0.0035 0.000775 0 2.947383818467746 
49 0.025 0 0 0.0035 0.000775 0 2.947383818467746 
50 0.0255 0 0 0.0035 0.000775 0 2.947383818467746 
51 0.026 0 0 0.0035 0.000775 0 2.947383818467746 
52 0.0265 0 0 0.0035 0.000775 0 2.947383818467746 
53 0.027 0 0 0.0035 0.000775 0 2.947383818467746 
54 0.0275 0 0 0.0035 0.000775 0 2.947383818467746 
55 0.028 0 0 0.0035 0.000775 0 2.947383818467746 
56 0.0285 0 0 0.0035 0.000775 0 2.947383818467746 
57 0.029 0 0 0.0035 0.000775 0 2.947383818467746 
58 0.0295 0 0 0.0035 0.000775 0 2.947383818467746 
59 0.03 0 0 0.0035 0.000775 0 2.947383818467746 
60 0.0305 0 0 0.0035 0.000775 0 2.947383818467746 
61 0.031 0 0 0.0035 0.000775 0 2.947383818467746 
62 0.0315 0 0 0.0035 0.000775 0 2.947383818467746 
63 0.032 0 0 0.0035 0.000775 0 2.947383818467746 
64 0.0325 0 0 0.0035 0.000775 0 2.910408857801019 
65 0.033 0 0 0.0035 0.000775 0 2.910408857801019 
66 0.0335 0 0 0.0035 0.000775 0 2.910408857801019 
67 0.034 0 0 0.0035 0.000775 0 2.910408857801019 
68 0.0345 0 0 0.0035 0.000775 0 2.910408857801019 
69 0.035 0 0 0.0035 0.000775 0 2.910408857801019 
70 0.0355 0 0 0.0035 0.000775 0 2.910408857801019 
71 0.036 0 0 0.0035 0.000775 0 2.910408857801019 
72 0.0365 0 0 0.0035 0.000775 0 2.910408857801019 
73 0.037 0 0 0.0035 0.000775 0 2.910408857801019 
74 0.0375 0 0 0.0035 0.000775 0 2.910408857801019 
75 0.038 0 0 0.0035 0.000775 0 2.910408857801019 
76 0.0385 0 0 0.0035 0.000775 0 2.910408857801019 
77 0.039 0 0 0.0035 0.000775 0 2.910408857801019 
78 0.0395 0 0 0.0035 0.000775 0 2.881938154818013 
79 0.04 0 0 0.0035 0.000775 0 2.881938154818013 
80 0.0405 0 0 0.0035 0.000775 0 2.881938154818013 
81 0.041 0 0 0.0035 0.000775 0 2.881938154818013 
82 0.0415 0 0 0.0035 0.000775 0 2.881938154818013 
83 0.042 0 0 0.0035 0.000775 0 2.881938154818013 
84 0.0425 0 0 0.0035 0.000775 0 2.866477094380627 
85 0.043 0 0 0.0035 0.000775 0 2.866477094380627 
86 0.0435 0 0 0.0035 0.000775 0 2.86032617277744 
87 0.044 0 0 0.0035 0.000775 0 2.854175355739085 
88 0.0445 0 0 0.0035 0.000775 0 2.848024538700729 
89 0.045 0 0 0.0035 0.000775 0 2.841873617097543 
90 0.0455 0 0 0.0035 0.000775 0 2.835722695494357 
91 0.046 0 0 0.0035 0.000775 0 2.829571878456002 
92 0.0465 0 0 0.0035 0.000775 0 2.81727013981446 
93 0.047 0 0 0.0035 0.000775 0 2.811119218211274 
94 0.0475 0 0 0.0035 0.000775 0 2.792666662531377 
95 0.048 0 0 0.0035 0.000775 0 2.77421410685148 
96 0.0485 0 0 0.0035 0.000775 0 2.7649877244467 
97 0.049 0 0 0.0035 0.000775 0 2.7649877244467 
98 0.0495 0 0 0.0035 0.000775 0 2.7649877244467 
99 0.05 0 0 0.0035 0.000775 0 2.7649877244467 
100 0.0505 0 0 0.0035 0.000775 0 2.7649877244467 
101 0.051 0 0 0.0035 0.000775 0 2.7649877244467 
102 0.0515 0 0 0.0035 0.000775 0 2.7649877244467 
103 0.052 0 0 0.0035 0.000775 0 2.7649877244467 
104 0.0525 0 0 0.0035 0.000775 0 2.7649877244467 
105 0.053 0 0 0.0035 0.000775 0 2.7649877244467 
106 0.0535 0 0 0.0035 0.000775 0 2.7649877244467 
107 0.054 0 0 0.0035 0.000775 0 2.7649877244467 
108 0.0545 0 0 0.0035 0.000775 0 2.7649877244467 
109 0.055 0 0 0.0035 0.000775 0 2.7649877244467 
110 0.0555 0 0 0.0035 0.000775 0 2.7649877244467 
111 0.056 0 0 0.0035 0.000775 0 2.7649877244467 
112 0.0565 0 0 0.0035 0.000775 0 2.7649877244467 
113 0.057 0 0 0.0035 0.000775 0 2.7649877244467 
114 0.0575 0 0 0.0035 0.000775 0 2.718888988485949 
115 0.058 0 0 0.0035 0.000775 0 2.718888988485949 
116 0.0585 0 0 0.0035 0.000775 0 2.718888988485949 
117 0.059 0 0 0.0035 0.000775 0 2.718888988485949 
118 0.0595 0 0 0.0035 0.000775 0 2.718888988485949 
119 0.06 0 0 0.0035 0.000775 0 2.718888988485949 
120 0.0605 0 0 0.0035 0.000775 0 2.718888988485949 
121 0.061 0 0 0.0035 0.000775 0 2.718888988485949 
122 0.0615 0 0 0.0035 0.000775 0 2.718888988485949 
123 0.062 0 0 0.0035 0.000775 0 2.718888988485949 
124 0.0625 0 0 0.0035 0.000775 0 2.718888988485949 
125 0.063 0 0 0.0035 0.000775 0 2.718888988485949 
126 0.0635 0 0 0.0035 0.000775 0 2.718888988485949 
127 0.064 0 0 0.0035 0.000775 0 2.718888988485949 
128 0.0645 0 0 0.0035 0.000775 0 2.718888988485949 
129 0.065 0 0 0.0035 0.000775 0 2.718888988485949 
130 0.0655 0 0 0.0035 0.000775 0 2.718888988485949 
131 0.066 0 0 0.0035 0.000775 0 2.718888988485949 
132 0.0665 0 0 0.0035 0.000775 0 2.718888988485949 
133 0.067 0 0 0.0035 0.000775 0 2.718888988485949 
134 0.0675 0 0 0.0035 0.000775 0 2.718888988485949 
135 0.068 0 0 0.0035 0.000775 0 2.718888988485949 
136 0.06850000000000001 0 0 0.0035 0.000775 0 2.718888988485949 
137 0.06900000000000001 0 0 0.0035 0.000775 0 2.718888988485949 
138 0.06950000000000001 0 0 0.0035 0.000775 0 2.683393026040805 
139 0.07000000000000001 0 0 0.0035 0.000775 0 2.683393026040805 
140 0.07049999999999999 0 0 0.0035 0.000775 0 2.683393026040805 
141 0.07099999999999999 0 0 0.0035 0.000775 0 2.683393026040805 
142 0.07149999999999999 0 0 0.0035 0.000775 0 2.683393026040805 
143 0.07199999999999999 0 0 0.0035 0.000775 0 2.683393026040805 
144 0.0725 0 0 0.0035 0.000775 0 2.683393026040805 
145 0.073 0 0 0.0035 0.000775 0 2.683393026040805 
146 0.0735 0 0 0.0035 0.000775 0 2.683393026040805 
147 0.074 0 0 0.0035 0.000775 0 2.683393026040805 
148 0.0745 0 0 0.0035 0.000775 0 2.683393026040805 
149 0.075 0 0 0.0035 0.000775 0 2.656061151019202 
150 0.0755 0 0 0.0035 0.000775 0 2.656061151019202 
151 0.076 0 0 0.0035 0.000775 0 2.656061151019202 
152 0.0765 0 0 0.0035 0.000775 0 2.611883175473052 
153 0.077 0 0 0.0035 0.000775 0 2.611883175473052 
154 0.0775 0 0 0.0035 0.000775 0 2.611883175473052 
155 0.078 0 0 0.0035 0.000775 0 2.611883175473052 
156 0.0785 0 0 0.0035 0.000775 0 2.597040557367406 
157 0.079 0 0 0.0035 0.000775 0 2.597040557367406 
158 0.0795 0 0 0.0035 0.000775 0 2.59113567259423 
159 0.08 0 0 0.0035 0.000775 0 2.585230888203292 
160 0.0805 0 0 0.0035 0.000775 0 2.579326103812354 
161 0.081 0 0 0.0035 0.000775 0 2.210393634026167 
162 0.0815 0 0 0.0035 0.000775 0 2.08732110895543 
163 0.082 0 0 0.0035 0.000775 0 2.077574762797725 
164 0.0825 0 0 0.0035 0.000775 0 2.071669978406788 
165 0.083 0 0 0.0035 0.000775 0 2.057939427886608 
166 0.0835 0 0 0.0035 0.000775 0 2.046129859104731 
167 0.08400000000000001 0 0 0.0035 0.000775 0 2.028415305167441 
168 0.08450000000000001 0 0 0.0035 0.000775 0 2.01365319361674 
169 0.08500000000000001 0 0 0.0035 0.000775 0 2.01365319361674 
170 0.08550000000000001 0 0 0.0035 0.000775 0 2.01365319361674 
171 0.08599999999999999 0 0 0.0035 0.000775 0 2.01365319361674 
172 0.08649999999999999 0 0 0.0035 0.000775 0 2.01365319361674 
173 0.08699999999999999 0 0 0.0035 0.000775 0 2.01365319361674 
174 0.08749999999999999 0 0 0.0035 0.000775 0 2.01365319361674 
175 0.08799999999999999 0 0 0.0035 0.000775 0 2.01365319361674 
176 0.0885 0 0 0.0035 0.000775 0 2.01365319361674 
177 0.089 0 0 0.0035 0.000775 0 2.01365319361674 
178 0.0895 0 0 0.0035 0.000775 0 1.979636214013989 
179 0.09 0 0 0.0035 0.000775 0 1.979636214013989 
180 0.0905 0 0 0.0035 0.000775 0 1.979636214013989 
181 0.091 0 0 0.0035 0.000775 0 1.979636214013989 
182 0.0915 0 0 0.0035 0.000775 0 1.979636214013989 
183 0.092 0 0 0.0035 0.000775 0 1.979636214013989 
184 0.0925 0 0 0.0035 0.000775 0 1.979636214013989 
185 0.093 0 0 0.0035 0.000775 0 1.979636214013989 
186 0.0935 0 0 0.0035 0.000775 0 1.979636214013989 
187 0.094 0 0 0.0035 0.000775 0 1.979636214013989 
188 0.0945 0 0 0.0035 0.000775 0 1.979636214013989 
189 0.095 0 0 0.0035 0.000775 0 1.979636214013989 
190 0.0955 0 0 0.0035 0.000775 0 1.979636214013989 
191 0.096 0 0 0.0035 0.000775 0 1.979636214013989 
192 0.0965 0 0 0.0035 0.000775 0 1.953443155111843 
193 0.097 0 0 0.0035 0.000775 0 1.953443155111843 
194 0.0975 0 0 0.0035 0.000775 0 1.920905176902611 
195 0.098 0 0 0.0035 0.000775 0 1.58813049672849 
196 0.0985 0 0 0.0035 0.000775 0 1.580735503631019 
197 0.099 0 0 0.0035 0.000775 0 1.579256504958032 
198 0.09950000000000001 0 0 0.0035 0.000775 0 1.579256504958032 
199 0.1 0 0 0.0035 0.000775 0 1.565032321783099 
200 0.1005 0 0 0.0035 0.000775 0 1.565032321783099 
201 0.101 0 0 0.0035 0.000775 0 1.559373471387766 
202 0.1015 0 0 0.0035 0.000775 0 1.553714717192106 
203 0.102 0 0 0.0035 0.000775 0 1.553714717192106 
204 0.1025 0 0 0.0035 0.000775 0 1.548055962996473 
205 0.103 0 0 0.0035 0.000775 0 1.54239711260114 
206 0.1035 0 0 0.0035 0.000775 0 1.536738262205806 
207 0.104 0 0 0.0035 0.000775 0 1.531079508010146 
208 0.1045 0 0 0.0035 0.000775 0 1.525420753814514 
209 0.105 0 0 0.0035 0.000775 0 1.494707674920785 
210 0.1055 0 0 0.0035 0.000775 0 1.483390070329791 
211 0.106 0 0 0.0035 0.000775 0 1.472072465738825 
212 0.1065 0 0 0.0035 0.000775 0 1.1988597537915 
213 0.107 0 0 0.0035 0.000775 0 1.184677336450828 
214 0.1075 0 0 0.0035 0.000775 0 1.183538508141843 
215 0.108 0 0 0.0035 0.000775 0 1.183538508141843 
216 0.1085 0 0 0.0035 0.000775 0 1.183538508141843 
217 0.109 0 0 0.0035 0.000775 0 1.183538508141843 
218 0.1095 0 0 0.0035 0.000775 0 1.169932770523259 
219 0.11 0 0 0.0035 0.000775 0 1.169932770523259 
220 0.1105 0 0 0.0035 0.000775 0 1.164519957277784 
221 0.111 0 0 0.0035 0.000775 0 1.057064225261706 
222 0.1115 0 0 0.0035 0.000775 0 1.01810235018463 
223 0.112 0 0 0.0035 0.000775 0 0.9680238819260268 
224 0.1125 0 0 0.0035 0.000775 0 0.9493250774184876 
225 0.113 0 0 0.0035 0.000775 0 0.8954439021219455 
226 0.1135 0 0 0.0035 0.000775 0 0.8865866308957407 
227 0.114 0 0 0.0035 0.000775 0 0.825570517928246 
228 0.1145 0 0 0.0035 0.000775 0 0.7913715010278255 
229 0.115 0 0 0.0035 0.000775 0 0.757172376371483 
230 0.1155 0 0 0.0035 0.000775 0 0.6902504311043864 
231 0.116 0 0 0.0035 0.000775 0 0.6292342972238928 
232 0.1165 0 0 0.0035 0.000775 0 0.5588687498511737 
233 0.117 0 0 0.0035 0.000775 0 0.4902246337626268 
234 0.1175 0 0 0.0035 0.000775 0 0.4306837106149277 
235 0.118 0 0 0.0035 0.000775 0 0.3721278552137531 
236 0.1185 0 0 0.0035 0.000775 0 0.2727299428238462 
237 0.119 0 0 0.0035 0.000775 0 0.1602917953736273 
238 0.1195 0 0 0.0035 0.000775 0 0.003690528370998005 
239 0.12 0 0 0.0035 0.000775 0 0 
240 0.1205 0 0 0.0035 0.000775 0 0 
241 0.121 0 0 0.0035 0.000775 0 0 
242 0.1215 0 0 0.0035 0.000775 0 0 
243 0.122 0 0 0.0035 0.000775 0 0 
244 0.1225 0 0 0.0035 0.000775 0 0 
245 0.123 0 0 0.0035 0.000775 0 0 
246 0.1235 0 0 0.0035 0.000775 0 0 
247 0.124 0 0 0.0035 0.000775 0 0 
248 0.1245 0 0 0.0035 0.000775 0 0 
249 0.125 0 0 0.0035 0.000775 0 0 
250 0.1255 0 0 0.0035 0.000775 0 0 
251 0.126 0 0 0.0035 0.000775 0 0 
252 0.1265 0 0 0.0035 0.000775 0 0 
253 0.127 0 0 0.0035 0.000775 0 0 
254 0.1275 0 0 0.0035 0.000775 0 0 
255 0.128 0 0 0.0035 0.000775 0 0 
256 0.1285 0 0 0.0035 0.000775 0 0 
257 0.129 0 0 0.0035 0.000775 0 0 
258 0.1295 0 0 0.0035 0.000775 0 0 
259 0.13 0 0 0.0035 0.000775 0 0 
260 0.1305 0 0 0.0035 0.000775 0 0 
261 0.131 0 0 0.0035 0.000775 0 0 
262 0.1315 0 0 0.0035 0.000775 0 0 
263 0.132 0 0 0.0035 0.000775 0 0 
264 0.1325 0 0 0.0035 0.000775 0 0 
265 0.133 0 0 0.0035 0.000775 0 0 
266 0.1335 0 0 0.0035 0.000775 0 0 
267 0.134 0 0 0.0035 0.000775 0 0 
268 0.1345 0 0 0.0035 0.000775 0 0 
269 0.135 0 0 0.0035 0.000775 0 0 
270 0.1355 0 0 0.0035 0.000775 0 0 
271 0.136 0 0 0.0035 0.000775 0 0 
272 0.1365 0 0 0.0035 0.000775 0 0 
273 0.137 0 0 0.0035 0.000775 0 0 
274 0.1375 0 0 0.0035 0.000775 0 0 
275 0.138 0 0 0.0035 0.000775 0 0 
276 0.1385 0 0 0.0035 0.000775 0 0 
277 0.139 0 0 0.0035 0.000775 0 0 
278 0.1395 0 0 0.0035 0.000775 0 0 
279 0.14 0 0 0.0035 0.000775 0 0 
280 0.1405 0 0 0.0035 0.000775 0 0 
281 0.141 0 0 0.0035 0.000775 0 0 
282 0.1415 0 0 0.0035 0.000775 0 0 
283 0.142 0 0 0.0035 0.000775 0 0 
284 0.1425 0 0 0.0035 0.000775 0 0 
285 0.143 0 0 0.0035 0.000775 0 0 
286 0.1435 0 0 0.0035 0.000775 0 0 
287 0.144 0 0 0.0035 0.000775 0 0 
288 0.1445 0 0 0.0035 0.000775 0 0 
289 0.145 0 0 0.0035 0.000775 0 0 
290 0.1455 0 0 0.0035 0.000775 0 0 
291 0.146 0 0 0.0035 0.000775 0 0 
292 0.1465 0 0 0.0035 0.000775 0 0 
293 0.147 0 0 0.0035 0.000775 0 0 
294 0.1475 0 0 0.0035 0.000775 0 0 
295 0.148 0 0 0.0035 0.000775 0 0 
296 0.1485 0 0 0.0035 0.000775 0 0 
297 0.149 0 0 0.0035 0.000775 0 0 
298 0.1495 0 0 0.0035 0.000775 0 0 
299 0.15 0 0 0.0035 0.000775 0 0 
300 0.1505 0 0 0.0035 0.000775 0 0 
301 0.151 0 0 0.0035 0.000775 0 0 
302 0.1515 0 0 0.0035 0.000775 0 0 
303 0.152 0 0 0.0035 0.000775 0 0 
304 0.1525 0 0 0.0035 0.000775 0 0 
305 0.153 0 0 0.0035 0.000775 0 0 
306 0.1535 0 0 0.0035 0.000775 0 0 
307 0.154 0 0 0.0035 0.000775 0 0 
308 0.1545 0 0 0.0035 0.000775 0 0 
309 0.155 0 0 0.0035 0.000775 0 0 
310 0.1555 0 0 0.0035 0.000775 0 0 
311 0.156 0 0 0.0035 0.000775 0 0 
312 0.1565 0 0 0.0035 0.000775 0 0 
313 0.157 0 0 0.0035 0.000775 0 0 
314 0.1575 0 0 0.0035 0.000775 0 0 
315 0.158 0 0 0.0035 0.000775 0 0 
316 0.1585 0 0 0.0035 0.000775 0 0 
317 0.159 0 0 0.0035 0.000775 0 0 
318 0.1595 0 0 0.0035 0.000775 0 0 
319 0.16 0 0 0.0035 0.000775 0 0 
320 0.1605 0 0 0.0035 0.000775 0 0 
321 0.161 0 0 0.0035 0.000775 0 0 
322 0.1615 0 0 0.0035 0.000775 0 0 
323 0.162 0 0 0.0035 0.000775 0 0 
324 0.1625 0 0 0.0035 0.000775 0 0 
325 0.163 0 0 0.0035 0.000775 0 0 
326 0.1635 0 0 0.0035 0.000775 0 0 
327 0.164 0 0 0.0035 0.000775 0 0 
328 0.1645 0 0 0.0035 0.000775 0 0 
329 0.165 0 0 0.0035 0.000775 0 0 
330 0.1655 0 0 0.0035 0.000775 0 0 
331 0.166 0 0 0.0035 0.000775 0 0 
332 0.1665 0 0 0.0035 0.000775 0 0 
333 0.167 0 0 0.0035 0.000775 0 0 
334 0.1675 0 0 0.0035 0.000775 0 0 
335 0.168 0 0 0.0035 0.000775 0 0 
336 0.1685 0 0 0.0035 0.000775 0 0 
337 0.169 0 0 0.0035 0.000775 0 0 
338 0.1695 0 0 0.0035 0.000775 0 0 
339 0.17 0 0 0.0035 0.000775 0 0 
340 0.1705 0 0 0.0035 0.000775 0 0 
341 0.171 0 0 0.0035 0.000775 0 0 
342 0.1715 0 0 0.0035 0.000775 0 0 
343 0.172 0 0 0.0035 0.000775 0 0 
344 0.1725 0 0 0.0035 0.000775 0 0 
345 0.173 0 0 0.0035 0.000775 0 0 
346 0.1735 0 0 0.0035 0.000775 0 0 
347 0.174 0 0 0.0035 0.000775 0 0 
348 0.1745 0 0 0.0035 0.000775 0 0 
349 0.175 0 0 0.0035 0.000775 0 0 
350 0.1755 0 0 0.0035 0.000775 0 0 
351 0.176 0 0 0.0035 0.000775 0 0 
352 0.1765 0 0 0.0035 0.000775 0 0 
353 0.177 0 0 0.0035 0.000775 0 0 
354 0.1775 0 0 0.0035 0.000775 0 0 
355 0.178 0 0 0.0035 0.000775 0 0 
356 0.1785 0 0 0.0035 0.000775 0 0 
357 0.179 0 0 0.0035 0.000775 0 0 
358 0.1795 0 0 0.0035 0.000775 0 0 
359 0.18 0 0 0.0035 0.000775 0 0 
360 0.1805 0 0 0.0035 0.000775 0 0 
361 0.181 0 0 0.0035 0.000775 0 0 
362 0.1815 0 0 0.0035 0.000775 0 0 
363 0.182 0 0 0.0035 0.000775 0 0 
364 0.1825 0 0 0.0035 0.000775 0 0 
365 0.183 0 0 0.0035 0.000775 0 0 
366 0.1835 0 0 0.0035 0.000775 0 0 
367 0.184 0 0 0.0035 0.000775 0 0 
368 0.1845 0 0 0.0035 0.000775 0 0 
369 0.185 0 0 0.0035 0.000775 0 0 
370 0.1855 0 0 0.0035 0.000775 0 0 
371 0.186 0 0 0.0035 0.000775 0 0 
372 0.1865 0 0 0.0035 0.000775 0 0 
373 0.187 0 0 0.0035 0.000775 0 0 
374 0.1875 0 0 0.0035 0.000775 0 0 
375 0.188 0 0 0.0035 0.000775 0 0 
376 0.1885 0 0 0.0035 0.000775 0 0 
377 0.189 0 0 0.0035 0.000775 0 0 
378 0.1895 0 0 0.0035 0.000775 0 0 
379 0.19 0 0 0.0035 0.000775 0 0 
380 0.1905 0 0 0.0035 0.000775 0 0 
381 0.191 0 0 0.0035 0.000775 0 0 
382 0.1915 0 0 0.0035 0.000775 0 0 
383 0.192 0 0 0.0035 0.000775 0 0 
384 0.1925 0 0 0.0035 0.000775 0 0 
385 0.193 0 0 0.0035 0.000775 0 0 
386 0.1935 0 0 0.0035 0.000775 0 0 
387 0.194 0 0 0.0035 0.000775 0 0 
388 0.1945 0 0 0.0035 0.000775 0 0 
389 0.195 0 0 0.0035 0.000775 0 0 
390 0.1955 0 0 0.0035 0.000775 0 0 
391 0.196 0 0 0.0035 0.000775 0 0 
392 0.1965 0 0 0.0035 0.000775 0 0 
393 0.197 0 0 0.0035 0.000775 0 0 
394 0.1975 0 0 0.0035 0.000775 0 0 
395 0.198 0 0 0.0035 0.000775 0 0 
396 0.1985 0 0 0.0035 0.000775 0 0 
397 0.199 0 0 0.0035 0.000775 0 0 
398 0.1995 0 0 0.0035 0.000775 0 0 
399 0.2 0 0 0.0035 0.000775 0 0 
400 0.2005 0 0 0.0035 0.000775 0 0 
401 0.201 0 0 0.0035 0.000775 0 0 
402 0.2015 0 0 0.0035 0.000775 0 0 
403 0.202 0 0 0.0035 0.000775 0 0 
404 0.2025 0 0 0.0035 0.000775 0 0 
405 0.203 0 0 0.0035 0.000775 0 0 
406 0.2035 0 0 0.0035 0.000775 0 0 
407 0.204 0 0 0.0035 0.000775 0 0 
408 0.2045 0 0 0.0035 0.000775 0 0 
409 0.205 0 0 0.0035 0.000775 0 0 
410 0.2055 0 0 0.0035 0.000775 0 0 
411 0.206 0 0 0.0035 0.000775 0 0 
412 0.2065 0 0 0.0035 0.000775 0 0 
413 0.207 0 0 0.0035 0.000775 0 0 
414 0.2075 0 0 0.0035 0.000775 0 0 
415 0.208 0 0 0.0035 0.000775 0 0 
416 0.2085 0 0 0.0035 0.000775 0 0 
417 0.209 0 0 0.0035 0.000775 0 0 
418 0.2095 0 0 0.0035 0.000775 0 0 
419 0.21 0 0 0.0035 0.000775 0 0 
420 0.2105 0 0 0.0035 0.000775 0 0 
421 0.211 0 0 0.0035 0.000775 0 0 
422 0.2115 0 0 0.0035 0.000775 0 0 
423 0.212 0 0 0.0035 0.000775 0 0 
424 0.2125 0 0 0.0035 0.000775 0 0 
425 0.213 0 0 0.0035 0.000775 0 0 
426 0.2135 0 0 0.0035 0.000775 0 0 
427 0.214 0 0 0.0035 0.000775 0 0 
428 0.2145 0 0 0.0035 0.000775 0 0 
429 0.215 0 0 0.0035 0.000775 0 0 
430 0.2155 0 0 0.0035 0.000775 0 0 
431 0.216 0 0 0.0035 0.000775 0 0 
432 0.2165 0 0 0.0035 0.000775 0 0 
433 0.217 0 0 0.0035 0.000775 0 0 
434 0.2175 0 0 0.0035 0.000775 0 0 
435 0.218 0 0 0.0035 0.000775 0 0 
436 0.2185 0 0 0.0035 0.000775 0 0 
437 0.219 0 0 0.0035 0.000775 0 0 
438 0.2195 0 0 0.0035 0.000775 0 0 
439 0.22 0 0 0.0035 0.000775 0 0 
440 0.2205 0 0 0.0035 0.000775 0 0 
441 0.221 0 0 0.0035 0.000775 0 0 
442 0.2215 0 0 0.0035 0.000775 0 0 
443 0.222 0 0 0.0035 0.000775 0 0 
444 0.2225 0 0 0.0035 0.000775 0 0 
445 0.223 0 0 0.0035 0.000775 0 0 
446 0.2235 0 0 0.0035 0.000775 0 0 
447 0.224 0 0 0.0035 0.000775 0 0 
448 0.2245 0 0 0.0035 0.000775 0 0 
449 0.225 0 0 0.0035 0.000775 0 0 
450 0.2255 0 0 0.0035 0.000775 0 0 
451 0.226 0 0 0.0035 0.000775 0 0 
452 0.2265 0 0 0.0035 0.000775 0 0 
453 0.227 0 0 0.0035 0.000775 0 0 
454 0.2275 0 0 0.0035 0.000775 0 0 
455 0.228 0 0 0.0035 0.000775 0 0 
456 0.2285 0 0 0.0035 0.000775 0 0 
457 0.229 0 0 0.0035 0.000775 0 0 
458 0.2295 0 0 0.0035 0.000775 0 0 
459 0.23 0 0 0.0035 0.000775 0 0 
460 0.2305 0 0 0.0035 0.000775 0 0 
461 0.231 0 0 0.0035 0.000775 0 0 
462 0.2315 0 0 0.0035 0.000775 0 0 
463 0.232 0 0 0.0035 0.000775 0 0 
464 0.2325 0 0 0.0035 0.000775 0 0 
465 0.233 0 0 0.0035 0.000775 0 0 
466 0.2335 0 0 0.0035 0.000775 0 0 
467 0.234 0 0 0.0035 0.000775 0 0 
468 0.2345 0 0 0.0035 0.000775 0 0 
469 0.235 0 0 0.0035 0.000775 0 0 
470 0.2355 0 0 0.0035 0.000775 0 0 
471 0.236 0 0 0.0035 0.000775 0 0 
472 0.2365 0 0 0.0035 0.000775 0 0 
473 0.237 0 0 0.0035 0.000775 0 0 
474 0.2375 0 0 0.0035 0.000775 0 0 
475 0.238 0 0 0.0035 0.000775 0 0 
476 0.2385 0 0 0.0035 0.000775 0 0 
477 0.239 0 0 0.0035 0.000775 0 0 
478 0.2395 0 0 0.0035 0.000775 0 0 
479 0.24 0 0 0.0035 0.000775 0 0 
480 0.2405 0 0 0.0035 0.000775 0 0 
481 0.241 0 0 0.0035 0.000775 0 0 
482 0.2415 0 0 0.0035 0.000775 0 0 
483 0.242 0 0 0.0035 0.000775 0 0 
484 0.2425 0 0 0.0035 0.000775 0 0 
485 0.243 0 0 0.0035 0.000775 0 0 
486 0.2435 0 0 0.0035 0.000775 0 0 
487 0.244 0 0 0.0035 0.000775 0 0 
488 0.2445 0 0 0.0035 0.000775 0 0 
489 0.245 0 0 0.0035 0.000775 0 0 
490 0.2455 0 0 0.0035 0.000775 0 0 
491 0.246 0 0 0.0035 0.000775 0 0 
492 0.2465 0 0 0.0035 0.000775 0 0 
493 0.247 0 0 0.0035 0.000775 0 0 
494 0.2475 0 0 0.0035 0.000775 0 0 
495 0.248 0 0 0.0035 0.000775 0 0 
496 0.2485 0 0 0.0035 0.000775 0 0 
497 0.249 0 0 0.0035 0.000775 0 0 
498 0.2495 0 0 0.0035 0.000775 0 0 
499 0.25 0 0 0.0035 0.000775 0 0 
