0 0.0005 0 0 0.0035 0.000775 0 0 
1 0.001 0 0 0.0035 0.000775 0 0 
2 0.0015 0 0 0.0035 0.000775 0 0 
3 0.002 0 0 0.0035 0.000775 0 0 
4 0.0025 0 0 0.0035 0.000775 0 0 
5 0.003 0 0 0.0035 0.000775 0 0 
6 0.0035 0 0 0.0035 0.000775 0 0 
7 0.004 0 0 0.0035 0.000775 0 0 
8 0.0045 0 0 0.0035 0.000775 0 0 
9 0.005 0 0 0.0035 0.000775 0 0 
10 0.0055 0 0 0.0035 0.000775 0 0 
11 0.006 0 0 0.0035 0.000775 0 0 
12 0.0065 0 0 0.0035 0.000775 0 0 
13 0.007 0 0 0.0035 0.000775 0 0 
14 0.0075 0 0 0.0035 0.000775 0 0 
15 0.008 0 0 0.0035 0.000775 0 0 
16 0.008500000000000001 0 0 0.0035 0.000775 0 0 
17 0.008999999999999999 0 0 0.0035 0.000775 0 0 
18 0.0095 0 0 0.0035 0.000775 0 0 
19 0.01 0 0 0.0035 0.000775 0 0 
20 0.0105 0 0 0.0035 0.000775 0 0 
21 0.011 0 0 0.0035 0.000775 0 0 
22 0.0115 0 0 0.0035 0.000775 0 0 
23 0.012 0 0 0.0035 0.000775 0 0 
24 0.0125 0 0 0.0035 0.000775 0 0 
25 0.013 0 0 0.0035 0.000775 0 0 
26 0.0135 0 0 0.0035 0.000775 0 0 
27 0.014 0 0 0.0035 0.000775 0 0 
28 0.0145 0 0 0.0035 0.000775 0 0 
29 0.015 0 0 0.0035 0.000775 0 0 
30 0.0155 0 0 0.0035 0.000775 0 0 
31 0.016 0 0 0.0035 0.000775 0 0 
32 0.0165 0 0 0.0035 0.000775 0 0 
33 0.017 0 0 0.0035 0.000775 0 0 
34 0.0175 0 0 0.0035 0.000775 0 0 
35 0.018 0 0 0.0035 0.000775 0 0 
36 0.0185 0 0 0.0035 0.000775 0 0 
37 0.019 0 0 0.0035 0.000775 0 0 
38 0.0195 0 0 0.0035 0.000775 0 0 
39 0.02 0 0 0.0035 0.000775 0 0 
40 0.0205 0 0 0.0035 0.000775 0 0 
41 0.021 0 0 0.0035 0.000775 0 0 
42 0.0215 0 0 0.0035 0.000775 0 0 
43 0.022 0 0 0.0035 0.000775 0 0 
44 0.0225 0 0 0.0035 0.000775 0 0.01180977103897535 
45 0.023 0 0 0.0035 0.000775 0 0.4664855530534506 
46 0.0235 0 0 0.0035 0.000775 0 1.010709914563087 
47 0.024 0 0 0.0035 0.000775 0 1.352208739163057 
48 0.0245 0 0 0.0035 0.000775 0 1.623833469647799 
49 0.025 0 0 0.0035 0.000775 0 1.919072724803847 
50 0.0255 0 0 0.0035 0.000775 0 2.191676973412231 
51 0.026 0 0 0.0035 0.000775 0 2.237931523743663 
52 0.0265 0 0 0.0035 0.000775 0 2.533175798012213 
53 0.027 0 0 0.0035 0.000775 0 2.865325209255533 
54 0.0275 0 0 0.0035 0.000775 0 3.18615186912504 
55 0.028 0 0 0.0035 0.000775 0 3.234374703123332 
56 0.0285 0 0 0.0035 0.000775 0 3.554218051551957 
57 0.029 0 0 0.0035 0.000775 0 3.825842782036688 
58 0.0295 0 0 0.0035 0.000775 0 3.874065599304595 
59 0.03 0 0 0.0035 0.000775 0 4.19391274552829 
60 0.0305 0 0 0.0035 0.000775 0 4.467501543625464 
61 0.031 0 0 0.0035 0.000775 0 4.513755692427837 
62 0.0315 0 0 0.0035 0.000775 0 4.78734449052503 
63 0.032 0 0 0.0035 0.000775 0 4.833599040856461 
64 0.0325 0 0 0.0035 0.000775 0 4.858202314340561 
65 0.033 0 0 0.0035 0.000775 0 5.129827044825292 
66 0.0335 0 0 0.0035 0.000775 0 5.189197526457506 
67 0.034 0 0 0.0035 0.000775 0 5.189197526457506 
68 0.0345 0 0 0.0035 0.000775 0 5.896561311272126 
69 0.035 0 0 0.0035 0.000775 0 5.896561311272126 
70 0.0355 0 0 0.0035 0.000775 0 5.896561311272126 
71 0.036 0 0 0.0035 0.000775 0 5.896561311272126 
72 0.0365 0 0 0.0035 0.000775 0 5.896561311272126 
73 0.037 0 0 0.0035 0.000775 0 5.896561311272126 
74 0.0375 0 0 0.0035 0.000775 0 5.896561311272126 
75 0.038 0 0 0.0035 0.000775 0 5.921165003015671 
76 0.0385 0 0 0.0035 0.000775 0 5.921165003015671 
77 0.039 0 0 0.0035 0.000775 0 5.921165003015671 
78 0.0395 0 0 0.0035 0.000775 0 5.921165003015671 
79 0.04 0 0 0.0035 0.000775 0 5.921165003015671 
80 0.0405 0 0 0.0035 0.000775 0 5.921165003015671 
81 0.041 0 0 0.0035 0.000775 0 5.921165003015671 
82 0.0415 0 0 0.0035 0.000775 0 5.921165003015671 
83 0.042 0 0 0.0035 0.000775 0 6.03049252378975 
84 0.0425 0 0 0.0035 0.000775 0 6.03049252378975 
85 0.043 0 0 0.0035 0.000775 0 6.03049252378975 
86 0.0435 0 0 0.0035 0.000775 0 6.469629700249224 
87 0.044 0 0 0.0035 0.000775 0 7.312362609939087 
88 0.0445 0 0 0.0035 0.000775 0 7.312362609939087 
89 0.045 0 0 0.0035 0.000775 0 7.312362609939087 
90 0.0455 0 0 0.0035 0.000775 0 7.312362609939087 
91 0.046 0 0 0.0035 0.000775 0 7.312362609939087 
92 0.0465 0 0 0.0035 0.000775 0 7.312362609939087 
93 0.047 0 0 0.0035 0.000775 0 7.312362609939087 
94 0.0475 0 0 0.0035 0.000775 0 7.312362609939087 
95 0.048 0 0 0.0035 0.000775 0 7.312362609939087 
96 0.0485 0 0 0.0035 0.000775 0 7.312362609939087 
97 0.049 0 0 0.0035 0.000775 0 7.312362609939087 
98 0.0495 0 0 0.0035 0.000775 0 7.312362609939087 
99 0.05 0 0 0.0035 0.000775 0 7.312362609939087 
100 0.0505 0 0 0.0035 0.000775 0 7.312362609939087 
101 0.051 0 0 0.0035 0.000775 0 7.312362609939087 
102 0.0515 0 0 0.0035 0.000775 0 7.312362609939087 
103 0.052 0 0 0.0035 0.000775 0 7.312362609939087 
104 0.0525 0 0 0.0035 0.000775 0 7.312362609939087 
105 0.053 0 0 0.0035 0.000775 0 7.312362609939087 
106 0.0535 0 0 0.0035 0.000775 0 7.312362609939087 
107 0.054 0 0 0.0035 0.000775 0 7.312362609939087 
108 0.0545 0 0 0.0035 0.000775 0 7.312362609939087 
109 0.055 0 0 0.0035 0.000775 0 7.312362609939087 
110 0.0555 0 0 0.0035 0.000775 0 7.312362609939087 
111 0.056 0 0 0.0035 0.000775 0 7.312362609939087 
112 0.0565 0 0 0.0035 0.000775 0 7.312362609939087 
113 0.057 0 0 0.0035 0.000775 0 7.336965883423188 
114 0.0575 0 0 0.0035 0.000775 0 7.336965883423188 
115 0.058 0 0 0.0035 0.000775 0 7.336965883423188 
116 0.0585 0 0 0.0035 0.000775 0 7.336965883423188 
117 0.059 0 0 0.0035 0.000775 0 7.336965883423188 
118 0.0595 0 0 0.0035 0.000775 0 7.478949760070818 
119 0.06 0 0 0.0035 0.000775 0 7.478949760070818 
120 0.0605 0 0 0.0035 0.000775 0 7.478949760070818 
121 0.061 0 0 0.0035 0.000775 0 7.478949760070818 
122 0.0615 0 0 0.0035 0.000775 0 7.484865754495302 
123 0.062 0 0 0.0035 0.000775 0 7.496697743344269 
124 0.0625 0 0 0.0035 0.000775 0 8.981612327931591 
125 0.063 0 0 0.0035 0.000775 0 9.111764218796962 
126 0.0635 0 0 0.0035 0.000775 0 9.111764218796962 
127 0.064 0 0 0.0035 0.000775 0 9.111764218796962 
128 0.0645 0 0 0.0035 0.000775 0 9.111764218796962 
129 0.065 0 0 0.0035 0.000775 0 9.111764218796962 
130 0.0655 0 0 0.0035 0.000775 0 9.111764218796962 
131 0.066 0 0 0.0035 0.000775 0 9.111764218796962 
132 0.0665 0 0 0.0035 0.000775 0 9.111764218796962 
133 0.067 0 0 0.0035 0.000775 0 9.111764218796962 
134 0.0675 0 0 0.0035 0.000775 0 9.111764218796962 
135 0.068 0 0 0.0035 0.000775 0 9.111764218796962 
136 0.06850000000000001 0 0 0.0035 0.000775 0 9.111764218796962 
137 0.06900000000000001 0 0 0.0035 0.000775 0 9.111764218796962 
138 0.06950000000000001 0 0 0.0035 0.000775 0 9.111764218796962 
139 0.07000000000000001 0 0 0.0035 0.000775 0 9.111764218796962 
140 0.07049999999999999 0 0 0.0035 0.000775 0 9.111764218796962 
141 0.07099999999999999 0 0 0.0035 0.000775 0 9.111764218796962 
142 0.07149999999999999 0 0 0.0035 0.000775 0 9.111764218796962 
143 0.07199999999999999 0 0 0.0035 0.000775 0 9.111764218796962 
144 0.0725 0 0 0.0035 0.000775 0 9.111764218796962 
145 0.073 0 0 0.0035 0.000775 0 9.111764218796962 
146 0.0735 0 0 0.0035 0.000775 0 9.111764218796962 
147 0.074 0 0 0.0035 0.000775 0 9.111764218796962 
148 0.0745 0 0 0.0035 0.000775 0 9.111764218796962 
149 0.075 0 0 0.0035 0.000775 0 9.111764218796962 
150 0.0755 0 0 0.0035 0.000775 0 9.111764218796962 
151 0.076 0 0 0.0035 0.000775 0 9.111764218796962 
152 0.0765 0 0 0.0035 0.000775 0 9.111764218796962 
153 0.077 0 0 0.0035 0.000775 0 9.111764218796962 
154 0.0775 0 0 0.0035 0.000775 0 9.111764218796962 
155 0.078 0 0 0.0035 0.000775 0 9.111764218796962 
156 0.0785 0 0 0.0035 0.000775 0 9.111764218796962 
157 0.079 0 0 0.0035 0.000775 0 9.111764218796962 
158 0.0795 0 0 0.0035 0.000775 0 9.111764218796962 
159 0.08 0 0 0.0035 0.000775 0 9.111764218796962 
160 0.0805 0 0 0.0035 0.000775 0 9.111764218796962 
161 0.081 0 0 0.0035 0.000775 0 9.111764218796962 
162 0.0815 0 0 0.0035 0.000775 0 9.111764218796962 
163 0.082 0 0 0.0035 0.000775 0 9.111764218796962 
164 0.0825 0 0 0.0035 0.000775 0 9.111764218796962 
165 0.083 0 0 0.0035 0.000775 0 9.111764218796962 
166 0.0835 0 0 0.0035 0.000775 0 9.111764218796962 
167 0.08400000000000001 0 0 0.0035 0.000775 0 9.111764218796962 
168 0.08450000000000001 0 0 0.0035 0.000775 0 9.111764218796962 
169 0.08500000000000001 0 0 0.0035 0.000775 0 9.111764218796962 
170 0.08550000000000001 0 0 0.0035 0.000775 0 9.111764218796962 
171 0.08599999999999999 0 0 0.0035 0.000775 0 9.111764218796962 
172 0.08649999999999999 0 0 0.0035 0.000775 0 9.111764218796962 
173 0.08699999999999999 0 0 0.0035 0.000775 0 9.111764218796962 
174 0.08749999999999999 0 0 0.0035 0.000775 0 9.111764218796962 
175 0.08799999999999999 0 0 0.0035 0.000775 0 9.111764218796962 
176 0.0885 0 0 0.0035 0.000775 0 9.111764218796962 
177 0.089 0 0 0.0035 0.000775 0 9.111764218796962 
178 0.0895 0 0 0.0035 0.000775 0 9.111764218796962 
179 0.09 0 0 0.0035 0.000775 0 9.111764218796962 
180 0.0905 0 0 0.0035 0.000775 0 9.111764218796962 
181 0.091 0 0 0.0035 0.000775 0 9.087160945312862 
182 0.0915 0 0 0.0035 0.000775 0 9.087160945312862 
183 0.092 0 0 0.0035 0.000775 0 9.087160945312862 
184 0.0925 0 0 0.0035 0.000775 0 9.087160945312862 
185 0.093 0 0 0.0035 0.000775 0 9.087160945312862 
186 0.0935 0 0 0.0035 0.000775 0 9.087160945312862 
187 0.094 0 0 0.0035 0.000775 0 9.087160945312862 
188 0.0945 0 0 0.0035 0.000775 0 9.087160945312862 
189 0.095 0 0 0.0035 0.000775 0 9.087160945312862 
190 0.0955 0 0 0.0035 0.000775 0 9.087160945312862 
191 0.096 0 0 0.0035 0.000775 0 9.087160945312862 
192 0.0965 0 0 0.0035 0.000775 0 9.094844068860814 
193 0.097 0 0 0.0035 0.000775 0 9.094844068860814 
194 0.0975 0 0 0.0035 0.000775 0 9.28692213492001 
195 0.098 0 0 0.0035 0.000775 0 9.271555887824105 
196 0.0985 0 0 0.0035 0.000775 0 9.246952196080558 
197 0.099 0 0 0.0035 0.000775 0 9.285367813820327 
198 0.09950000000000001 0 0 0.0035 0.000775 0 11.01407061402449 
199 0.1 0 0 0.0035 0.000775 0 11.39209802012558 
200 0.1005 0 0 0.0035 0.000775 0 11.39209802012558 
201 0.101 0 0 0.0035 0.000775 0 11.39209802012558 
202 0.1015 0 0 0.0035 0.000775 0 11.39209802012558 
203 0.102 0 0 0.0035 0.000775 0 11.39209802012558 
204 0.1025 0 0 0.0035 0.000775 0 11.39209802012558 
205 0.103 0 0 0.0035 0.000775 0 11.39209802012558 
206 0.1035 0 0 0.0035 0.000775 0 11.36749432838204 
207 0.104 0 0 0.0035 0.000775 0 11.36749432838204 
208 0.1045 0 0 0.0035 0.000775 0 11.36749432838204 
209 0.105 0 0 0.0035 0.000775 0 11.36749432838204 
210 0.1055 0 0 0.0035 0.000775 0 11.36749432838204 
211 0.106 0 0 0.0035 0.000775 0 11.36749432838204 
212 0.1065 0 0 0.0035 0.000775 0 11.39209802012558 
213 0.107 0 0 0.0035 0.000775 0 11.39209802012558 
214 0.1075 0 0 0.0035 0.000775 0 11.39209802012558 
215 0.108 0 0 0.0035 0.000775 0 11.36749432838204 
216 0.1085 0 0 0.0035 0.000775 0 11.34289063663849 
217 0.109 0 0 0.0035 0.000775 0 11.34289063663849 
218 0.1095 0 0 0.0035 0.000775 0 11.36749432838204 
219 0.11 0 0 0.0035 0.000775 0 11.36749432838204 
220 0.1105 0 0 0.0035 0.000775 0 11.36749432838204 
221 0.111 0 0 0.0035 0.000775 0 11.36749432838204 
222 0.1115 0 0 0.0035 0.000775 0 11.36749432838204 
223 0.112 0 0 0.0035 0.000775 0 11.36749432838204 
224 0.1125 0 0 0.0035 0.000775 0 11.36749432838204 
225 0.113 0 0 0.0035 0.000775 0 11.34289063663849 
226 0.1135 0 0 0.0035 0.000775 0 11.34289063663849 
227 0.114 0 0 0.0035 0.000775 0 11.36749432838204 
228 0.1145 0 0 0.0035 0.000775 0 11.36749432838204 
229 0.115 0 0 0.0035 0.000775 0 11.36749432838204 
230 0.1155 0 0 0.0035 0.000775 0 11.36749432838204 
231 0.116 0 0 0.0035 0.000775 0 11.36749432838204 
232 0.1165 0 0 0.0035 0.000775 0 11.36749432838204 
233 0.117 0 0 0.0035 0.000775 0 11.34289063663849 
234 0.1175 0 0 0.0035 0.000775 0 11.34289063663849 
235 0.118 0 0 0.0035 0.000775 0 11.34289063663849 
236 0.1185 0 0 0.0035 0.000775 0 11.36749432838204 
237 0.119 0 0 0.0035 0.000775 0 11.36749432838204 
238 0.1195 0 0 0.0035 0.000775 0 11.36749432838204 
239 0.12 0 0 0.0035 0.000775 0 11.34289063663849 
240 0.1205 0 0 0.0035 0.000775 0 11.31828736315433 
241 0.121 0 0 0.0035 0.000775 0 11.34289063663849 
242 0.1215 0 0 0.0035 0.000775 0 11.34289063663849 
243 0.122 0 0 0.0035 0.000775 0 11.34289063663849 
244 0.1225 0 0 0.0035 0.000775 0 11.36749432838204 
245 0.123 0 0 0.0035 0.000775 0 11.36749432838204 
246 0.1235 0 0 0.0035 0.000775 0 11.34289063663849 
247 0.124 0 0 0.0035 0.000775 0 11.31828736315433 
248 0.1245 0 0 0.0035 0.000775 0 11.31828736315433 
249 0.125 0 0 0.0035 0.000775 0 11.34289063663849 
250 0.1255 0 0 0.0035 0.000775 0 11.34289063663849 
251 0.126 0 0 0.0035 0.000775 0 11.34289063663849 
252 0.1265 0 0 0.0035 0.000775 0 11.34289063663849 
253 0.127 0 0 0.0035 0.000775 0 11.34289063663849 
254 0.1275 0 0 0.0035 0.000775 0 11.31828736315433 
255 0.128 0 0 0.0035 0.000775 0 11.31828736315433 
256 0.1285 0 0 0.0035 0.000775 0 11.34289063663849 
257 0.129 0 0 0.0035 0.000775 0 11.34289063663849 
258 0.1295 0 0 0.0035 0.000775 0 11.34289063663849 
259 0.13 0 0 0.0035 0.000775 0 11.34289063663849 
260 0.1305 0 0 0.0035 0.000775 0 11.34289063663849 
261 0.131 0 0 0.0035 0.000775 0 11.31828736315433 
262 0.1315 0 0 0.0035 0.000775 0 11.31828736315433 
263 0.132 0 0 0.0035 0.000775 0 11.31828736315433 
264 0.1325 0 0 0.0035 0.000775 0 11.34289063663849 
265 0.133 0 0 0.0035 0.000775 0 11.34289063663849 
266 0.1335 0 0 0.0035 0.000775 0 11.31828736315433 
267 0.134 0 0 0.0035 0.000775 0 11.29368408967023 
268 0.1345 0 0 0.0035 0.000775 0 11.31828736315433 
269 0.135 0 0 0.0035 0.000775 0 11.31828736315433 
270 0.1355 0 0 0.0035 0.000775 0 11.34289063663849 
271 0.136 0 0 0.0035 0.000775 0 11.34289063663849 
272 0.1365 0 0 0.0035 0.000775 0 11.31828736315433 
273 0.137 0 0 0.0035 0.000775 0 11.29368408967023 
274 0.1375 0 0 0.0035 0.000775 0 11.29368408967023 
275 0.138 0 0 0.0035 0.000775 0 11.31828736315433 
276 0.1385 0 0 0.0035 0.000775 0 11.31828736315433 
277 0.139 0 0 0.0035 0.000775 0 11.34289063663849 
278 0.1395 0 0 0.0035 0.000775 0 11.31828736315433 
279 0.14 0 0 0.0035 0.000775 0 11.29368408967023 
280 0.1405 0 0 0.0035 0.000775 0 11.29368408967023 
281 0.141 0 0 0.0035 0.000775 0 11.31828736315433 
282 0.1415 0 0 0.0035 0.000775 0 11.31828736315433 
283 0.142 0 0 0.0035 0.000775 0 11.31828736315433 
284 0.1425 0 0 0.0035 0.000775 0 11.31828736315433 
285 0.143 0 0 0.0035 0.000775 0 11.29368408967023 
286 0.1435 0 0 0.0035 0.000775 0 11.29368408967023 
287 0.144 0 0 0.0035 0.000775 0 11.31828736315433 
288 0.1445 0 0 0.0035 0.000775 0 11.31828736315433 
289 0.145 0 0 0.0035 0.000775 0 11.31828736315433 
290 0.1455 0 0 0.0035 0.000775 0 11.29368408967023 
291 0.146 0 0 0.0035 0.000775 0 11.26908039792669 
292 0.1465 0 0 0.0035 0.000775 0 11.29368408967023 
293 0.147 0 0 0.0035 0.000775 0 11.29368408967023 
294 0.1475 0 0 0.0035 0.000775 0 11.31828736315433 
295 0.148 0 0 0.0035 0.000775 0 11.31828736315433 
296 0.1485 0 0 0.0035 0.000775 0 11.29368408967023 
297 0.149 0 0 0.0035 0.000775 0 11.26908039792669 
298 0.1495 0 0 0.0035 0.000775 0 11.29368408967023 
299 0.15 0 0 0.0035 0.000775 0 11.29368408967023 
300 0.1505 0 0 0.0035 0.000775 0 11.31828736315433 
301 0.151 0 0 0.0035 0.000775 0 11.31828736315433 
302 0.1515 0 0 0.0035 0.000775 0 11.29368408967023 
303 0.152 0 0 0.0035 0.000775 0 11.26908039792669 
304 0.1525 0 0 0.0035 0.000775 0 11.26908039792669 
305 0.153 0 0 0.0035 0.000775 0 11.29368408967023 
306 0.1535 0 0 0.0035 0.000775 0 11.29368408967023 
307 0.154 0 0 0.0035 0.000775 0 11.31828736315433 
308 0.1545 0 0 0.0035 0.000775 0 11.29368408967023 
309 0.155 0 0 0.0035 0.000775 0 11.26908039792669 
310 0.1555 0 0 0.0035 0.000775 0 11.26908039792669 
311 0.156 0 0 0.0035 0.000775 0 11.29368408967023 
312 0.1565 0 0 0.0035 0.000775 0 11.29368408967023 
313 0.157 0 0 0.0035 0.000775 0 11.31828736315433 
314 0.1575 0 0 0.0035 0.000775 0 11.29368408967023 
315 0.158 0 0 0.0035 0.000775 0 11.26908039792669 
316 0.1585 0 0 0.0035 0.000775 0 11.26908039792669 
317 0.159 0 0 0.0035 0.000775 0 11.29368408967023 
318 0.1595 0 0 0.0035 0.000775 0 11.29368408967023 
319 0.16 0 0 0.0035 0.000775 0 11.26908039792669 
320 0.1605 0 0 0.0035 0.000775 0 11.24447670618314 
321 0.161 0 0 0.0035 0.000775 0 11.26908039792669 
322 0.1615 0 0 0.0035 0.000775 0 11.26908039792669 
323 0.162 0 0 0.0035 0.000775 0 11.29368408967023 
324 0.1625 0 0 0.0035 0.000775 0 11.29368408967023 
325 0.163 0 0 0.0035 0.000775 0 11.26908039792669 
326 0.1635 0 0 0.0035 0.000775 0 11.24447670618314 
327 0.164 0 0 0.0035 0.000775 0 11.26908039792669 
328 0.1645 0 0 0.0035 0.000775 0 11.26908039792669 
329 0.165 0 0 0.0035 0.000775 0 11.29368408967023 
330 0.1655 0 0 0.0035 0.000775 0 11.26908039792669 
331 0.166 0 0 0.0035 0.000775 0 11.25445478545379 
332 0.1665 0 0 0.0035 0.000775 0 11.25445478545379 
333 0.167 0 0 0.0035 0.000775 0 11.27905847719733 
334 0.1675 0 0 0.0035 0.000775 0 11.53315796276364 
335 0.168 0 0 0.0035 0.000775 0 11.50855427102009 
336 0.1685 0 0 0.0035 0.000775 0 11.45934730579239 
337 0.169 0 0 0.0035 0.000775 0 11.50390673781783 
338 0.1695 0 0 0.0035 0.000775 0 11.55844466737331 
339 0.17 0 0 0.0035 0.000775 0 12.07730480910521 
340 0.1705 0 0 0.0035 0.000775 0 12.05270111736166 
341 0.171 0 0 0.0035 0.000775 0 12.11790056723614 
342 0.1715 0 0 0.0035 0.000775 0 13.99842658078036 
343 0.172 0 0 0.0035 0.000775 0 14.0230302725239 
344 0.1725 0 0 0.0035 0.000775 0 14.0230302725239 
345 0.173 0 0 0.0035 0.000775 0 13.99842658078036 
346 0.1735 0 0 0.0035 0.000775 0 13.9738233072962 
347 0.174 0 0 0.0035 0.000775 0 13.9738233072962 
348 0.1745 0 0 0.0035 0.000775 0 13.99842658078036 
349 0.175 0 0 0.0035 0.000775 0 14.0230302725239 
350 0.1755 0 0 0.0035 0.000775 0 13.99842658078036 
351 0.176 0 0 0.0035 0.000775 0 13.9492200338121 
352 0.1765 0 0 0.0035 0.000775 0 13.9738233072962 
353 0.177 0 0 0.0035 0.000775 0 13.99842658078036 
354 0.1775 0 0 0.0035 0.000775 0 14.0230302725239 
355 0.178 0 0 0.0035 0.000775 0 13.99842658078036 
356 0.1785 0 0 0.0035 0.000775 0 13.9492200338121 
357 0.179 0 0 0.0035 0.000775 0 13.9738233072962 
358 0.1795 0 0 0.0035 0.000775 0 13.99842658078036 
359 0.18 0 0 0.0035 0.000775 0 14.0230302725239 
360 0.1805 0 0 0.0035 0.000775 0 13.9738233072962 
361 0.181 0 0 0.0035 0.000775 0 13.9492200338121 
362 0.1815 0 0 0.0035 0.000775 0 13.9738233072962 
363 0.182 0 0 0.0035 0.000775 0 13.99842658078036 
364 0.1825 0 0 0.0035 0.000775 0 13.99842658078036 
365 0.183 0 0 0.0035 0.000775 0 13.9738233072962 
366 0.1835 0 0 0.0035 0.000775 0 13.9492200338121 
367 0.184 0 0 0.0035 0.000775 0 13.9738233072962 
368 0.1845 0 0 0.0035 0.000775 0 13.99842658078036 
369 0.185 0 0 0.0035 0.000775 0 13.99842658078036 
370 0.1855 0 0 0.0035 0.000775 0 13.9738233072962 
371 0.186 0 0 0.0035 0.000775 0 13.92461634206855 
372 0.1865 0 0 0.0035 0.000775 0 13.9492200338121 
373 0.187 0 0 0.0035 0.000775 0 13.9738233072962 
374 0.1875 0 0 0.0035 0.000775 0 13.99842658078036 
375 0.188 0 0 0.0035 0.000775 0 13.9738233072962 
376 0.1885 0 0 0.0035 0.000775 0 13.92461634206855 
377 0.189 0 0 0.0035 0.000775 0 13.9492200338121 
378 0.1895 0 0 0.0035 0.000775 0 13.9738233072962 
379 0.19 0 0 0.0035 0.000775 0 13.99842658078036 
380 0.1905 0 0 0.0035 0.000775 0 13.9738233072962 
381 0.191 0 0 0.0035 0.000775 0 13.92461634206855 
382 0.1915 0 0 0.0035 0.000775 0 13.9492200338121 
383 0.192 0 0 0.0035 0.000775 0 13.9738233072962 
384 0.1925 0 0 0.0035 0.000775 0 13.99842658078036 
385 0.193 0 0 0.0035 0.000775 0 13.9738233072962 
386 0.1935 0 0 0.0035 0.000775 0 13.92461634206855 
387 0.194 0 0 0.0035 0.000775 0 13.9492200338121 
388 0.1945 0 0 0.0035 0.000775 0 13.9738233072962 
389 0.195 0 0 0.0035 0.000775 0 13.99842658078036 
390 0.1955 0 0 0.0035 0.000775 0 13.9492200338121 
391 0.196 0 0 0.0035 0.000775 0 13.92461634206855 
392 0.1965 0 0 0.0035 0.000775 0 13.9492200338121 
393 0.197 0 0 0.0035 0.000775 0 13.9738233072962 
394 0.1975 0 0 0.0035 0.000775 0 13.99842658078036 
395 0.198 0 0 0.0035 0.000775 0 13.9492200338121 
396 0.1985 0 0 0.0035 0.000775 0 13.90001265032501 
397 0.199 0 0 0.0035 0.000775 0 13.81390056485296 
398 0.1995 0 0 0.0035 0.000775 0 13.90001265032501 
399 0.2 0 0 0.0035 0.000775 0 13.9492200338121 
400 0.2005 0 0 0.0035 0.000775 0 13.9738233072962 
401 0.201 0 0 0.0035 0.000775 0 13.92461634206855 
402 0.2015 0 0 0.0035 0.000775 0 13.87540937684085 
403 0.202 0 0 0.0035 0.000775 0 13.81390056485296 
404 0.2025 0 0 0.0035 0.000775 0 13.81390056485296 
405 0.203 0 0 0.0035 0.000775 0 13.81390056485296 
406 0.2035 0 0 0.0035 0.000775 0 13.81390056485296 
407 0.204 0 0 0.0035 0.000775 0 13.81390056485296 
408 0.2045 0 0 0.0035 0.000775 0 13.81390056485296 
409 0.205 0 0 0.0035 0.000775 0 13.81390056485296 
410 0.2055 0 0 0.0035 0.000775 0 13.81390056485296 
411 0.206 0 0 0.0035 0.000775 0 13.81390056485296 
412 0.2065 0 0 0.0035 0.000775 0 13.81390056485296 
413 0.207 0 0 0.0035 0.000775 0 13.81390056485296 
414 0.2075 0 0 0.0035 0.000775 0 13.81390056485296 
415 0.208 0 0 0.0035 0.000775 0 13.81390056485296 
416 0.2085 0 0 0.0035 0.000775 0 13.81390056485296 
417 0.209 0 0 0.0035 0.000775 0 13.81390056485296 
418 0.2095 0 0 0.0035 0.000775 0 13.81390056485296 
419 0.21 0 0 0.0035 0.000775 0 13.81390056485296 
420 0.2105 0 0 0.0035 0.000775 0 13.81390056485296 
421 0.211 0 0 0.0035 0.000775 0 13.81390056485296 
422 0.2115 0 0 0.0035 0.000775 0 13.81390056485296 
423 0.212 0 0 0.0035 0.000775 0 13.81390056485296 
424 0.2125 0 0 0.0035 0.000775 0 13.81390056485296 
425 0.213 0 0 0.0035 0.000775 0 13.81390056485296 
426 0.2135 0 0 0.0035 0.000775 0 13.81390056485296 
427 0.214 0 0 0.0035 0.000775 0 13.81390056485296 
428 0.2145 0 0 0.0035 0.000775 0 13.81390056485296 
429 0.215 0 0 0.0035 0.000775 0 13.81390056485296 
430 0.2155 0 0 0.0035 0.000775 0 13.81390056485296 
431 0.216 0 0 0.0035 0.000775 0 13.81390056485296 
432 0.2165 0 0 0.0035 0.000775 0 13.81390056485296 
433 0.217 0 0 0.0035 0.000775 0 13.81390056485296 
434 0.2175 0 0 0.0035 0.000775 0 13.81390056485296 
435 0.218 0 0 0.0035 0.000775 0 13.81390056485296 
436 0.2185 0 0 0.0035 0.000775 0 13.81390056485296 
437 0.219 0 0 0.0035 0.000775 0 13.81390056485296 
438 0.2195 0 0 0.0035 0.000775 0 13.81390056485296 
439 0.22 0 0 0.0035 0.000775 0 13.81390056485296 
440 0.2205 0 0 0.0035 0.000775 0 13.81390056485296 
441 0.221 0 0 0.0035 0.000775 0 13.81390056485296 
442 0.2215 0 0 0.0035 0.000775 0 13.81390056485296 
443 0.222 0 0 0.0035 0.000775 0 13.81390056485296 
444 0.2225 0 0 0.0035 0.000775 0 13.81390056485296 
445 0.223 0 0 0.0035 0.000775 0 13.81390056485296 
446 0.2235 0 0 0.0035 0.000775 0 13.81390056485296 
447 0.224 0 0 0.0035 0.000775 0 13.81390056485296 
448 0.2245 0 0 0.0035 0.000775 0 13.81390056485296 
449 0.225 0 0 0.0035 0.000775 0 13.81390056485296 
450 0.2255 0 0 0.0035 0.000775 0 13.81390056485296 
451 0.226 0 0 0.0035 0.000775 0 13.81390056485296 
452 0.2265 0 0 0.0035 0.000775 0 13.81390056485296 
453 0.227 0 0 0.0035 0.000775 0 13.81390056485296 
454 0.2275 0 0 0.0035 0.000775 0 13.81390056485296 
455 0.228 0 0 0.0035 0.000775 0 13.81390056485296 
456 0.2285 0 0 0.0035 0.000775 0 13.81390056485296 
457 0.229 0 0 0.0035 0.000775 0 13.81390056485296 
458 0.2295 0 0 0.0035 0.000775 0 13.81390056485296 
459 0.23 0 0 0.0035 0.000775 0 13.81390056485296 
460 0.2305 0 0 0.0035 0.000775 0 13.81390056485296 
461 0.231 0 0 0.0035 0.000775 0 13.81390056485296 
462 0.2315 0 0 0.0035 0.000775 0 13.81390056485296 
463 0.232 0 0 0.0035 0.000775 0 13.62950558611758 
464 0.2325 0 0 0.0035 0.000775 0 13.40000979229482 
465 0.233 0 0 0.0035 0.000775 0 13.40000979229482 
466 0.2335 0 0 0.0035 0.000775 0 11.37445969027152 
467 0.234 0 0 0.0035 0.000775 0 10.97533650836335 
468 0.2345 0 0 0.0035 0.000775 0 10.90548994933228 
469 0.235 0 0 0.0035 0.000775 0 10.90548994933228 
470 0.2355 0 0 0.0035 0.000775 0 10.88553379079099 
471 0.236 0 0 0.0035 0.000775 0 10.88553379079099 
472 0.2365 0 0 0.0035 0.000775 0 10.88553379079099 
473 0.237 0 0 0.0035 0.000775 0 10.88553379079099 
474 0.2375 0 0 0.0035 0.000775 0 10.87555571152035 
475 0.238 0 0 0.0035 0.000775 0 10.87555571152035 
476 0.2385 0 0 0.0035 0.000775 0 10.87555571152035 
477 0.239 0 0 0.0035 0.000775 0 10.87555571152035 
478 0.2395 0 0 0.0035 0.000775 0 10.87555571152035 
479 0.24 0 0 0.0035 0.000775 0 10.87555571152035 
480 0.2405 0 0 0.0035 0.000775 0 10.87555571152035 
481 0.241 0 0 0.0035 0.000775 0 10.87555571152035 
482 0.2415 0 0 0.0035 0.000775 0 10.87555571152035 
483 0.242 0 0 0.0035 0.000775 0 10.87555571152035 
484 0.2425 0 0 0.0035 0.000775 0 10.87555571152035 
485 0.243 0 0 0.0035 0.000775 0 10.87555571152035 
486 0.2435 0 0 0.0035 0.000775 0 10.87555571152035 
487 0.244 0 0 0.0035 0.000775 0 10.73357183487271 
488 0.2445 0 0 0.0035 0.000775 0 10.73357183487271 
489 0.245 0 0 0.0035 0.000775 0 10.73357183487271 
490 0.2455 0 0 0.0035 0.000775 0 10.73357183487271 
491 0.246 0 0 0.0035 0.000775 0 10.73357183487271 
492 0.2465 0 0 0.0035 0.000775 0 10.73357183487271 
493 0.247 0 0 0.0035 0.000775 0 10.73357183487271 
494 0.2475 0 0 0.0035 0.000775 0 10.73357183487271 
495 0.248 0 0 0.0035 0.000775 0 10.73357183487271 
496 0.2485 0 0 0.0035 0.000775 0 10.73357183487271 
497 0.249 0 0 0.0035 0.000775 0 10.73357183487271 
498 0.2495 0 0 0.0035 0.000775 0 10.73357183487271 
499 0.25 0 0 0.0035 0.000775 0 10.73357183487271 
500 0.2505 0 0 0.0035 0.000775 0 10.62424431409863 
501 0.251 0 0 0.0035 0.000775 0 10.62424431409863 
502 0.2515 0 0 0.0035 0.000775 0 10.62424431409863 
503 0.252 0 0 0.0035 0.000775 0 10.62424431409863 
504 0.2525 0 0 0.0035 0.000775 0 10.62424431409863 
505 0.253 0 0 0.0035 0.000775 0 10.62424431409863 
506 0.2535 0 0 0.0035 0.000775 0 10.62424431409863 
507 0.254 0 0 0.0035 0.000775 0 10.62424431409863 
508 0.2545 0 0 0.0035 0.000775 0 10.56487383246642 
509 0.255 0 0 0.0035 0.000775 0 10.54125428868262 
510 0.2555 0 0 0.0035 0.000775 0 10.54125428868262 
511 0.256 0 0 0.0035 0.000775 0 10.51763514642787 
512 0.2565 0 0 0.0035 0.000775 0 10.49401600417306 
513 0.257 0 0 0.0035 0.000775 0 10.47039646038926 
514 0.2575 0 0 0.0035 0.000775 0 10.44677691660545 
515 0.258 0 0 0.0035 0.000775 0 10.4231577743507 
516 0.2585 0 0 0.0035 0.000775 0 10.3995386320959 
517 0.259 0 0 0.0035 0.000775 0 10.37591908831209 
518 0.2595 0 0 0.0035 0.000775 0 10.32868040227354 
519 0.26 0 0 0.0035 0.000775 0 10.28144171623492 
520 0.2605 0 0 0.0035 0.000775 0 10.03387206897825 
521 0.261 0 0 0.0035 0.000775 0 9.998442754155473 
522 0.2615 0 0 0.0035 0.000775 0 9.998442754155473 
523 0.262 0 0 0.0035 0.000775 0 9.998442754155473 
524 0.2625 0 0 0.0035 0.000775 0 9.998442754155473 
525 0.263 0 0 0.0035 0.000775 0 8.438768666157653 
526 0.2635 0 0 0.0035 0.000775 0 8.100711218329188 
527 0.264 0 0 0.0035 0.000775 0 8.077661847685331 
528 0.2645 0 0 0.0035 0.000775 0 8.062295600589424 
529 0.265 0 0 0.0035 0.000775 0 8.062295600589424 
530 0.2655 0 0 0.0035 0.000775 0 8.062295600589424 
531 0.266 0 0 0.0035 0.000775 0 8.054612477041472 
532 0.2665 0 0 0.0035 0.000775 0 8.054612477041472 
533 0.267 0 0 0.0035 0.000775 0 8.054612477041472 
534 0.2675 0 0 0.0035 0.000775 0 8.054612477041472 
535 0.268 0 0 0.0035 0.000775 0 8.054612477041472 
536 0.2685 0 0 0.0035 0.000775 0 8.054612477041472 
537 0.269 0 0 0.0035 0.000775 0 8.054612477041472 
538 0.2695 0 0 0.0035 0.000775 0 8.054612477041472 
539 0.27 0 0 0.0035 0.000775 0 8.054612477041472 
540 0.2705 0 0 0.0035 0.000775 0 8.054612477041472 
541 0.271 0 0 0.0035 0.000775 0 8.054612477041472 
542 0.2715 0 0 0.0035 0.000775 0 8.054612477041472 
543 0.272 0 0 0.0035 0.000775 0 8.054612477041472 
544 0.2725 0 0 0.0035 0.000775 0 8.054612477041472 
545 0.273 0 0 0.0035 0.000775 0 8.054612477041472 
546 0.2735 0 0 0.0035 0.000775 0 7.918544622710813 
547 0.274 0 0 0.0035 0.000775 0 7.918544622710813 
548 0.2745 0 0 0.0035 0.000775 0 7.918544622710813 
549 0.275 0 0 0.0035 0.000775 0 7.918544622710813 
550 0.2755 0 0 0.0035 0.000775 0 7.918544622710813 
551 0.276 0 0 0.0035 0.000775 0 7.918544622710813 
552 0.2765 0 0 0.0035 0.000775 0 7.918544622710813 
553 0.277 0 0 0.0035 0.000775 0 6.764925706590809 
554 0.2775 0 0 0.0035 0.000775 0 6.587445875727595 
555 0.278 0 0 0.0035 0.000775 0 6.439546001588761 
556 0.2785 0 0 0.0035 0.000775 0 6.427714012739793 
557 0.279 0 0 0.0035 0.000775 0 6.427714012739793 
558 0.2795 0 0 0.0035 0.000775 0 6.421798018315309 
559 0.28 0 0 0.0035 0.000775 0 6.421798018315309 
560 0.2805 0 0 0.0035 0.000775 0 6.317025832048474 
561 0.281 0 0 0.0035 0.000775 0 6.317025832048474 
562 0.2815 0 0 0.0035 0.000775 0 6.317025832048474 
563 0.282 0 0 0.0035 0.000775 0 6.317025832048474 
564 0.2825 0 0 0.0035 0.000775 0 6.317025832048474 
565 0.283 0 0 0.0035 0.000775 0 6.317025832048474 
566 0.2835 0 0 0.0035 0.000775 0 6.317025832048474 
567 0.284 0 0 0.0035 0.000775 0 6.317025832048474 
568 0.2845 0 0 0.0035 0.000775 0 6.317025832048474 
569 0.285 0 0 0.0035 0.000775 0 5.276181518444551 
570 0.2855 0 0 0.0035 0.000775 0 5.098665469629626 
571 0.286 0 0 0.0035 0.000775 0 5.098665469629626 
572 0.2865 0 0 0.0035 0.000775 0 5.066919837022017 
573 0.287 0 0 0.0035 0.000775 0 5.066919837022017 
574 0.2875 0 0 0.0035 0.000775 0 5.0397295174444 
575 0.288 0 0 0.0035 0.000775 0 5.017094126098201 
576 0.2885 0 0 0.0035 0.000775 0 4.994458734752002 
577 0.289 0 0 0.0035 0.000775 0 4.971823728204377 
578 0.2895 0 0 0.0035 0.000775 0 4.447013416654495 
579 0.29 0 0 0.0035 0.000775 0 4.315532140824558 
580 0.2905 0 0 0.0035 0.000775 0 4.07880444841159 
581 0.291 0 0 0.0035 0.000775 0 4.01480843939706 
582 0.2915 0 0 0.0035 0.000775 0 3.754013336606925 
583 0.292 0 0 0.0035 0.000775 0 3.575379734487915 
584 0.2925 0 0 0.0035 0.000775 0 3.390854626053251 
585 0.293 0 0 0.0035 0.000775 0 3.158596214135376 
586 0.2935 0 0 0.0035 0.000775 0 2.986370438967014 
587 0.294 0 0 0.0035 0.000775 0 2.894844711378586 
588 0.2945 0 0 0.0035 0.000775 0 2.649795677113443 
589 0.295 0 0 0.0035 0.000775 0 2.405731175222825 
590 0.2955 0 0 0.0035 0.000775 0 2.157726585953787 
591 0.296 0 0 0.0035 0.000775 0 1.884133927617781 
592 0.2965 0 0 0.0035 0.000775 0 1.471782579959181 
593 0.297 0 0 0.0035 0.000775 0 1.050568936262159 
594 0.2975 0 0 0.0035 0.000775 0 0.3282115753162116 
595 0.298 0 0 0.0035 0.000775 0 0.0344449829284294 
596 0.2985 0 0 0.0035 0.000775 0 0.01131761347120206 
597 0.299 0 0 0.0035 0.000775 0 0.004428630630888836 
598 0.2995 0 0 0.0035 0.000775 0 0.002460352209424356 
599 0.3 0 0 0.0035 0.000775 0 0 
600 0.3005 0 0 0.0035 0.000775 0 0 
601 0.301 0 0 0.0035 0.000775 0 0 
602 0.3015 0 0 0.0035 0.000775 0 0 
603 0.302 0 0 0.0035 0.000775 0 0 
604 0.3025 0 0 0.0035 0.000775 0 0 
605 0.303 0 0 0.0035 0.000775 0 0 
606 0.3035 0 0 0.0035 0.000775 0 0 
607 0.304 0 0 0.0035 0.000775 0 0 
608 0.3045 0 0 0.0035 0.000775 0 0 
609 0.305 0 0 0.0035 0.000775 0 0 
610 0.3055 0 0 0.0035 0.000775 0 0 
611 0.306 0 0 0.0035 0.000775 0 0 
612 0.3065 0 0 0.0035 0.000775 0 0 
613 0.307 0 0 0.0035 0.000775 0 0 
614 0.3075 0 0 0.0035 0.000775 0 0 
615 0.308 0 0 0.0035 0.000775 0 0 
616 0.3085 0 0 0.0035 0.000775 0 0 
617 0.309 0 0 0.0035 0.000775 0 0 
618 0.3095 0 0 0.0035 0.000775 0 0 
619 0.31 0 0 0.0035 0.000775 0 0 
620 0.3105 0 0 0.0035 0.000775 0 0 
621 0.311 0 0 0.0035 0.000775 0 0 
622 0.3115 0 0 0.0035 0.000775 0 0 
623 0.312 0 0 0.0035 0.000775 0 0 
624 0.3125 0 0 0.0035 0.000775 0 0 
625 0.313 0 0 0.0035 0.000775 0 0 
626 0.3135 0 0 0.0035 0.000775 0 0 
627 0.314 0 0 0.0035 0.000775 0 0 
628 0.3145 0 0 0.0035 0.000775 0 0 
629 0.315 0 0 0.0035 0.000775 0 0 
630 0.3155 0 0 0.0035 0.000775 0 0 
631 0.316 0 0 0.0035 0.000775 0 0 
632 0.3165 0 0 0.0035 0.000775 0 0 
633 0.317 0 0 0.0035 0.000775 0 0 
634 0.3175 0 0 0.0035 0.000775 0 0 
635 0.318 0 0 0.0035 0.000775 0 0 
636 0.3185 0 0 0.0035 0.000775 0 0 
637 0.319 0 0 0.0035 0.000775 0 0 
638 0.3195 0 0 0.0035 0.000775 0 0 
639 0.32 0 0 0.0035 0.000775 0 0 
640 0.3205 0 0 0.0035 0.000775 0 0 
641 0.321 0 0 0.0035 0.000775 0 0 
642 0.3215 0 0 0.0035 0.000775 0 0 
643 0.322 0 0 0.0035 0.000775 0 0 
644 0.3225 0 0 0.0035 0.000775 0 0 
645 0.323 0 0 0.0035 0.000775 0 0 
646 0.3235 0 0 0.0035 0.000775 0 0 
647 0.324 0 0 0.0035 0.000775 0 0 
648 0.3245 0 0 0.0035 0.000775 0 0 
649 0.325 0 0 0.0035 0.000775 0 0 
650 0.3255 0 0 0.0035 0.000775 0 0 
651 0.326 0 0 0.0035 0.000775 0 0 
652 0.3265 0 0 0.0035 0.000775 0 0 
653 0.327 0 0 0.0035 0.000775 0 0 
654 0.3275 0 0 0.0035 0.000775 0 0 
655 0.328 0 0 0.0035 0.000775 0 0 
656 0.3285 0 0 0.0035 0.000775 0 0 
657 0.329 0 0 0.0035 0.000775 0 0 
658 0.3295 0 0 0.0035 0.000775 0 0 
659 0.33 0 0 0.0035 0.000775 0 0 
660 0.3305 0 0 0.0035 0.000775 0 0 
661 0.331 0 0 0.0035 0.000775 0 0 
662 0.3315 0 0 0.0035 0.000775 0 0 
663 0.332 0 0 0.0035 0.000775 0 0 
664 0.3325 0 0 0.0035 0.000775 0 0 
665 0.333 0 0 0.0035 0.000775 0 0 
666 0.3335 0 0 0.0035 0.000775 0 0 
667 0.334 0 0 0.0035 0.000775 0 0 
668 0.3345 0 0 0.0035 0.000775 0 0 
669 0.335 0 0 0.0035 0.000775 0 0 
670 0.3355 0 0 0.0035 0.000775 0 0 
671 0.336 0 0 0.0035 0.000775 0 0 
672 0.3365 0 0 0.0035 0.000775 0 0 
673 0.337 0 0 0.0035 0.000775 0 0 
674 0.3375 0 0 0.0035 0.000775 0 0 
675 0.338 0 0 0.0035 0.000775 0 0 
676 0.3385 0 0 0.0035 0.000775 0 0 
677 0.339 0 0 0.0035 0.000775 0 0 
678 0.3395 0 0 0.0035 0.000775 0 0 
679 0.34 0 0 0.0035 0.000775 0 0 
680 0.3405 0 0 0.0035 0.000775 0 0 
681 0.341 0 0 0.0035 0.000775 0 0 
682 0.3415 0 0 0.0035 0.000775 0 0 
683 0.342 0 0 0.0035 0.000775 0 0 
684 0.3425 0 0 0.0035 0.000775 0 0 
685 0.343 0 0 0.0035 0.000775 0 0 
686 0.3435 0 0 0.0035 0.000775 0 0 
687 0.344 0 0 0.0035 0.000775 0 0 
688 0.3445 0 0 0.0035 0.000775 0 0 
689 0.345 0 0 0.0035 0.000775 0 0 
690 0.3455 0 0 0.0035 0.000775 0 0 
691 0.346 0 0 0.0035 0.000775 0 0 
692 0.3465 0 0 0.0035 0.000775 0 0 
693 0.347 0 0 0.0035 0.000775 0 0 
694 0.3475 0 0 0.0035 0.000775 0 0 
695 0.348 0 0 0.0035 0.000775 0 0 
696 0.3485 0 0 0.0035 0.000775 0 0 
697 0.349 0 0 0.0035 0.000775 0 0 
698 0.3495 0 0 0.0035 0.000775 0 0 
699 0.35 0 0 0.0035 0.000775 0 0 
